-4.943269361644485116e+01,-7.838211590786654881e+01,-2.076265128164968132e+02,-2.963939678760375500e+02,-1.412476864424205303e+02,-6.276121486820068895e+01,-5.073410894554365314e+01,8.722463954507763617e+01,1.790352827747806685e+01,2.855976330077479375e+01,3.594844947962392325e+02,-5.110493696733537661e+01,1.067247024384349601e+02,-1.500838773618861133e+01,-2.216734041255533896e+02,-2.121432751221674096e+02,-7.630962313179173861e+01,-4.565960022463286805e+01,2.153189424166452426e+01,3.269900815591436753e+02,1.348846878201215702e+02,1.150400621739811839e+02,1.461226555721457885e+02,2.339232958599363599e+01,1.265693154091571273e+02,-8.492212156734871087e+01,4.087541564238094338e+00,-1.582233470931614079e+02,1.534812302179558117e+02,-2.682109101319042921e+01,1.914886838025670954e+02,8.122976954519070603e+01,2.977019878716642864e+00,3.144903184711552058e+00,5.207026564144281622e+01,2.161155664954110023e+01,9.641261028207978256e+01,-6.560239386134107065e+00,1.187007438069135077e+02
-5.030864054871643987e+01,-8.681556768362453624e+01,-2.084049676745313775e+02,-2.876614891131068248e+02,-1.479343441595034108e+02,-5.790945565499323067e+01,-6.004116992907384542e+01,8.361961623033728586e+01,5.312019962551056018e+00,1.872154710366358543e+01,3.666369312624718759e+02,-5.411670232106710188e+01,1.119935733513213307e+02,-1.042634662789490463e+01,-2.127223806428459625e+02,-2.051435626677599942e+02,-3.150000164073058784e+01,-4.345598053694922669e+01,1.550747166917676090e+01,3.143671183809104832e+02,1.127045251057095641e+02,9.851316153188778912e+01,1.503111321652828849e+02,2.752362489442514004e+01,1.289528840975094113e+02,-8.901294384229395007e+01,-1.730441337709351046e+00,-1.799585202333192058e+02,1.753794741912323616e+02,-2.842987116493592126e+01,1.894040203446980399e+02,7.376505251956436382e+01,7.392347518478665336e+00,-7.006873666710472293e+00,6.798303397502462531e+01,1.048735914952772141e+01,1.012407173208211333e+02,-1.043871010644554431e+01,1.106152775932617089e+02
-2.274329087473049427e+01,-1.019777159032206555e+02,-1.200680642059624716e+02,-1.874290709214689059e+02,-7.618241781751811459e+01,-7.046227588830748800e+01,-1.042676470993075100e+02,7.428895352145927689e+01,4.599703561154245790e+01,-1.080777612897586550e+02,1.763687868829179024e+02,-1.396964899531045319e+02,3.861164251367271305e+01,-5.087132822305343360e+00,-1.274714218676902533e+02,-1.022811999656981072e+02,-2.006547496519904428e+01,2.069245700352157513e+01,4.289660649911552781e+01,2.443998434029081182e+02,7.909865925985650392e+01,8.058992691842030354e+01,1.362190218689690937e+02,-1.636743906736128906e+00,3.442184839194719359e+01,-1.467070125884106346e+02,-1.011887983118332670e+02,-1.863341272374442781e+02,1.953894532025918807e+02,1.467402155857217672e+01,-2.176605874094851956e+01,-5.344502298256276163e+01,5.951592283166984743e+00,9.249197434091449566e-01,2.761288764317360744e+01,2.243856899898425183e+01,1.021797512114149065e+01,-1.254406612783034447e+01,6.747407300684996301e+01
-2.740882658711318953e+01,-3.757936106021134037e+01,-5.267434524213926039e+01,-4.053117497831897253e+01,-6.060112764356362902e+01,-4.145442226054542090e+01,-1.312375582892169632e+02,3.766688095624827781e+01,8.794148216773612603e+01,-1.814187466728849643e+02,4.030102449157113398e+01,-1.763034743413474530e+02,-2.254460711978171616e+01,6.524121022848312634e-01,-4.555651396906630168e+01,-3.281398967628740593e+01,-3.557107539019681042e+01,4.206208550436447524e+01,7.593716452790471294e+01,1.571012138853415365e+02,1.118213047817828709e+01,4.711752367214056392e+01,9.014907971806422893e+01,8.478683018404565175e+00,-3.152844741381247218e+01,-1.579519318194951722e+02,-9.512045718130066518e+01,-1.696433250818240879e+02,1.972534679440250613e+02,5.574731737131358500e+01,-1.474359231379762889e+02,-4.510468826606764026e+01,-2.346103583982131724e+01,-4.773695478211728016e+01,3.102066727839769555e-02,7.238852452094189971e+01,1.679838855301969858e+01,-2.116879806129596631e+01,8.707653331851746259e+01
-6.049930529494953646e+01,5.237249977509088694e+01,6.523523699004380560e+00,1.106339738865891889e+02,-5.489765053188727961e+01,1.111268114896773440e+01,-9.542199812983506035e+01,-5.911807144809658965e+00,6.378848652432662902e+01,-1.696596983715665488e+02,1.014186354369741672e+01,-1.440433364894395254e+02,-6.051832603615478234e+01,-3.191373651072964002e+00,8.058700683611935034e+00,8.941142716388100098e+00,-2.471219271462845057e+01,2.700646838169112485e+01,8.190897989841982962e+01,4.303276965681874344e+01,-1.009639718237335444e+02,-2.147550623978949957e+01,4.542122787481130075e+01,6.159178249310927811e+01,-4.984012794993235218e+01,-1.212711916476584264e+02,7.866126468979963704e-01,-1.860176415427858103e+02,2.367794783405056762e+02,7.010744459202533108e+01,-1.506929266980262128e+02,5.834757685363311452e+01,-6.182770106668411358e+01,-1.255879780682431033e+02,1.294738507620594881e+01,1.189995117586593523e+02,1.148661571641374053e+02,-3.343930716761833821e+01,1.095106722427919124e+02
-6.813744239821193105e+01,7.647663883728523615e+01,8.912071335758821533e+01,1.857226132730781103e+02,3.737876468867304069e+00,4.092219273488763065e+01,-9.350103047050424721e+00,-3.064794781686147829e+01,-5.788355724944489467e+00,-1.205596129646283288e+02,-2.976664594982798917e+01,-7.898243904353506650e+01,-8.846793110530528281e+01,-7.505127655454872482e+00,3.359448722248681918e+01,6.374199606380113892e+01,1.034157776692665038e+02,2.822280586174328931e+01,7.022827593909852339e+01,-6.366937409172251705e+01,-1.923321623238508948e+02,-8.180713424297755409e+01,6.229782465504613498e+01,1.066767432742291106e+02,-4.281206805032036300e+01,-5.006845389651358147e+01,6.970353323709898063e+01,-2.300739099286052465e+02,2.301655011338736472e+02,4.607437195471922564e+01,-1.518527084135645282e+02,6.629229625088977684e+01,-6.579026285699558230e+01,-1.424606869285389621e+02,6.267741207167767925e+01,1.547816938226894194e+02,1.611089309943244245e+02,-1.594032039623068897e+01,1.026722542314891058e+02
-3.778401135705165359e+01,4.058476433253144933e+01,1.546944668342995328e+02,1.461975654898487562e+02,9.079742428583575986e+01,1.808615695741360696e+01,4.418063332103702123e+01,-3.522032215791929488e+00,-3.909840461522394861e+01,-5.808206223008163960e+01,-6.366764313393468910e+01,-5.278822873205875510e+01,-1.235943726366819675e+02,-6.823688234188684199e+00,2.406542571541598718e+01,1.059355537510380998e+02,2.058480497598589807e+02,7.207855536775782923e+01,8.905549441568331304e+01,-9.784677046686357471e+01,-2.006032384337283077e+02,-8.419842791237898894e+01,9.133290146537518694e+01,9.602979851454243487e+01,-5.480957157955783288e+01,-5.328230038377853361e+00,4.253367176370362301e+01,-2.577082165477705189e+02,1.573135908602201596e+02,7.849561802116968856e+00,-2.063542694526557000e+02,-1.034298650627579619e+01,-3.128082021531425028e+01,-8.300301503463398944e+01,6.542861226816505393e+01,1.696012664207775344e+02,9.431385918958527270e+01,2.400913539534257168e+01,1.191427244618638923e+02
-1.657997449776815557e+01,-4.208226578092357784e+00,1.233979503464097434e+02,6.320255215905816470e+01,1.174183006956231452e+02,-3.998458498583676146e+01,8.496039600238189493e+00,5.085793306157561489e+01,-2.845153729926811437e+01,2.284299902559239825e+01,4.324354729701718014e+01,-6.535068943995818813e+01,-9.796703750061828941e+01,-1.285361196395950145e+01,2.074931545726990478e+01,1.074231760645242844e+02,1.585755989234200456e+02,1.202413602692857637e+02,1.424310043122075626e+02,-8.619082287741852610e+01,-1.826109726366773884e+02,-6.607215377082317787e+01,5.120801121245024490e+01,3.729645266787290581e+01,-1.016047258743539317e+02,-5.021953233105846692e+01,-4.660370943725624215e+01,-2.599812910903758620e+02,1.509463701226244154e+02,7.952470986350054005e+00,-2.564020015836718471e+02,-4.587425816760585207e+01,-1.293155069104350474e+01,-3.438238250643635041e+01,-2.890906164941136680e+01,1.125267413815487600e+02,-1.622336934806900643e+01,3.959895161199312952e+01,1.717963564891678914e+02
-2.721108150168705464e+01,-3.750701111612192307e+01,7.182243830828440423e+00,3.208459171968169699e+01,5.751058514844241643e+01,-5.236963040092177835e+01,-6.431551152436816210e+01,4.699319367537726322e+01,-1.053081509421971873e+00,8.249626191099331152e+01,2.047620872822407136e+02,-4.373254035587328303e+01,1.423284687866952858e+01,-2.432231205742706237e+00,5.818390663121551398e+01,7.893567058795896685e+01,1.606364166656465216e+02,1.085041649883964539e+02,1.615539336686333058e+02,-1.073367114725880924e+02,-2.243307911642841646e+02,-8.381426245370924732e+01,8.058125217610127677e+00,-1.256477544013980463e+01,-1.249369120258279793e+02,-1.120149740930409479e+02,-9.837936211644284867e+01,-2.438212124559386211e+02,1.849045580568262039e+02,5.390079091101916475e+01,-2.463301444721040809e+02,-5.041557912404349651e+01,-1.484504456972479147e+01,-4.083244953534587296e+01,-1.071779747829421723e+02,9.750989641590415147e+00,-8.230423908023018953e+01,2.201772621983644740e+01,2.308143169087678643e+02
-5.280663049047534230e+01,-2.521371717800160539e+01,-9.792617903803480317e+01,5.028438951786487365e+01,-2.383990595789822464e+01,-2.221029403126527768e+01,-7.986522732441028438e+01,-4.697250808946589196e+00,3.241481942602713673e+01,1.173672812406258288e+02,2.968135103718216214e+02,9.192644926385113990e+00,9.851002585614831730e+01,9.923520067347794793e+00,9.426474443388147506e+01,2.927462606185848770e+01,1.641095158898742739e+02,6.751833777465948572e+01,1.311669411163491077e+02,-1.305625751929229068e+02,-2.760050032313992574e+02,-9.661343844699992189e+01,-3.258866498057444971e+01,-2.532289016715568408e+01,-1.067505983534721139e+02,-1.154992725567837795e+02,-6.059586207307528127e+01,-1.869251894314235471e+02,1.773399842262888342e+02,9.857218922293938590e+01,-1.612594508355003882e+02,-2.975350810259936551e+01,-2.837548957551697271e+01,-5.401680458943930319e+01,-1.405811249621586683e+02,-5.926482497172903408e+01,-6.701987366569983351e+01,-4.012502050913266061e+00,2.425309332678114060e+02
-4.966480613581271086e+01,1.898246711794759278e+01,-1.021559564808989933e+02,6.281699396650459732e+01,-5.710869682016924287e+01,-1.823717678748939974e+01,-1.700935408067346444e+01,-4.468820053451062790e+01,6.101945399590831443e+01,1.258980076061648816e+02,2.526413783240458315e+02,3.401893651366321336e+01,8.338641741589167111e+01,5.530627897130782955e+00,9.016700125037104385e+01,-3.451134173312297548e+00,1.043647919842375842e+02,8.654836511833812551e+01,9.685150411317852104e+01,-9.303316147238048472e+01,-2.605808738830523339e+02,-6.236112454570636032e+01,-1.016969595011786396e+02,-2.488740055985990907e+01,-9.367003817343987748e+01,-5.935364742507581326e+01,1.349904227608727325e+01,-1.133562917319479482e+02,1.411922138675071494e+02,8.199805462816237878e+01,-6.753918918870598986e+01,-3.160851363428032457e+01,-2.380892410158314476e+01,-3.346422537225132032e+01,-1.536468264426989663e+02,-5.472380192091117834e+01,-2.882488520991095626e+01,-1.741585284042530901e+01,1.722329127861220002e+02
-9.156697880697510783e+00,3.583270714788046973e+01,-2.409139078779309884e+01,5.258439750520980027e+01,-2.794186721018538933e+01,-4.848885024770216745e+01,7.048772016202201485e+01,-5.857047336789295855e+01,7.920056073773557159e+01,1.002815124494798624e+02,1.097967234720134542e+02,7.685042021921223210e+00,4.367341077671287763e+00,6.113899840673634678e+00,4.689657437616175883e+01,-3.770210331033041484e-01,9.989729766570653169e+01,1.760110427006887335e+02,9.644845046678005929e+01,-2.082097296950563248e+01,-2.336243207036062870e+02,-2.342041478220935780e+00,-1.955252415922474825e+02,-3.942244444468147435e+01,-1.144096885295432600e+02,8.928586220185469102e+00,4.198975146841931405e+01,-8.392753442094280558e+01,1.088588372721737301e+02,-2.656879197930296499e+01,-4.499954821452136855e+01,-1.216027687651236135e+02,3.035728725043161802e+01,-2.960368041632085578e+01,-1.566464995084657232e+02,-1.235108490312818574e+01,-4.310240251644894727e+01,-2.066465836573160075e+01,6.077601832324383224e+01
2.858115348355621421e+01,9.192499325575301583e+00,3.279191885744553048e+01,5.593665500694906001e+01,1.275389010512224175e+01,-1.242029021363131847e+02,1.063478809449646860e+02,-6.061802780561443171e+01,9.097180688034629270e+01,8.539213108138527275e+01,5.431961435914681857e+01,-2.146162885273166410e+01,3.555009838516966170e+01,1.064282201597665534e+01,2.917992493330110193e+01,2.877091408741638290e+01,1.207066997513351225e+02,2.710005064451132739e+02,1.448922061581843650e+02,4.059950568919667546e+01,-2.007385311869840621e+02,2.350946007837387342e+01,-3.242503121537494053e+02,-8.125184970558285613e+01,-1.683280635459250902e+02,2.037906717976420623e+01,4.641985360119164739e+00,-7.971575580530777927e+01,1.544234611725577793e+02,-1.642382663442976991e+02,-7.275813802146842590e+01,-2.273463600142073915e+02,7.873032719894658271e+01,-8.638270271728669059e+01,-1.799441070930352282e+02,-3.603914650634639116e+00,-1.122453991459117333e+02,-2.768783620948146051e+01,-1.252379224138236147e+01
1.600628551754101991e+01,-2.696864465212864204e+01,-7.295259842170757736e+00,9.607313790899586081e+01,3.059170534137300734e+01,-1.550352150376451732e+02,8.968705883112363608e+01,-7.627396158950654126e+01,1.041335909762731546e+02,1.089038311976095486e+02,1.610779469014734957e+02,1.080832632915226021e+01,1.558106817554459838e+02,3.908815169592150340e+01,3.132484508902313536e+01,2.756605331231495981e+01,1.434546039441605956e+02,2.442900043644910681e+02,1.729462400437082010e+02,3.617002482063078617e+01,-1.965446148691798101e+02,-1.319655456760752799e+01,-3.955682713070238492e+02,-9.811695595496976807e+01,-1.723621984817494308e+02,-6.444272071735660745e+00,-2.798134517045027536e+01,-7.270734854623056265e+01,1.852675095057885244e+02,-2.496691202157293503e+02,-5.745718004124610445e+01,-2.212991261717157272e+02,8.676934484949401849e+01,-1.923682008078511672e+02,-1.835700081779381776e+02,-3.212221693130690880e+01,-1.379213244509005847e+02,-5.229903661820110017e+01,6.967615257004668550e+00
-2.570759639454043111e+01,-3.491385741020545908e+01,-9.843928259971711725e+01,1.321665292716975841e+02,1.835492062784086187e+01,-1.115705383473193137e+02,6.145251869370144249e+01,-8.929747003142435346e+01,9.103548104097475857e+01,1.553868248706916120e+02,3.282100497160975010e+02,1.044801438558853022e+02,2.464403917877960453e+02,7.375340867203065898e+01,2.973365139378902455e+01,9.420893772839811220e+00,1.295774637497605113e+02,8.184544139410049013e+01,1.185852522877834758e+02,-1.557522894410051961e+01,-1.656823613100349064e+02,-8.522654573244288656e+01,-3.133905890523188305e+02,-5.858671585466990450e+01,-9.016035053262298504e+01,-2.414394812092659137e+01,-9.370971065364560815e+00,-5.837741669109936993e+01,1.405577118745474081e+02,-2.119754478882385342e+02,2.965355863942724213e+01,-6.205375363172716874e+01,4.885799047431781617e+01,-2.429187617540426629e+02,-1.185170269406876002e+02,-4.359202651539709450e+01,-6.651589255576722337e+01,-8.942627182632443805e+01,5.887258684101142592e+01
-2.190991715203691470e+01,2.404644759736882165e+01,-1.192205247809950919e+02,7.090687037253792369e+01,2.259157963888990928e+00,-5.586466094482386069e+01,5.047522550347638770e+01,-4.245541312044023385e+01,6.975127564402745861e+01,1.772657290910774464e+02,3.470174775950478647e+02,1.579202864017088643e+02,1.477074956082092854e+02,7.719989999568802830e+01,-1.823032850042469732e+01,-3.152615831869738372e-01,1.377841392884905503e+01,-9.029437319256906846e+01,1.151595730517998994e+01,-9.549278461672017215e-01,8.899937386126463679e+00,-7.952999325587882140e+01,-1.089141772748926940e+02,-4.724374975034693058e+00,3.159148385138547255e+01,7.784813513216560565e+00,3.961141770206801027e+01,-6.827834092110771635e+00,-6.627874884140702250e+01,-6.911642095784891637e+01,1.082436290050714689e+02,1.719938508475299557e+02,9.294390731000916617e-01,-1.125631524994938388e+02,-9.507868010632668287e+00,4.756649145906889942e+01,4.394734904555390642e+01,-1.051267645240619686e+02,8.605746871931630437e+01
4.996687431386096279e+01,6.621307780938494147e+01,-2.244810491402892083e+01,-5.125788277671485815e+01,-2.189068033261100155e+01,-4.760899839141557521e+01,1.580963376959447508e+01,2.957078504223024495e+01,-1.501545192803253670e+01,8.645376269590063600e+01,1.584005773351359210e+02,1.196735441184293336e+02,-4.218739697783814790e+01,5.065020699982401453e+01,-4.476118555757846451e+01,5.086878915047634564e+01,9.097711626936829532e+01,-1.601205377916842281e+02,-1.062979004979769115e+02,3.974365952071853059e+01,2.001473851903590457e+02,-3.839350800894211346e+01,1.155510519796644076e+02,4.434880270103488620e+00,9.647637072239739098e+01,4.632940524273889338e+01,3.284037131165440115e+01,-8.933449800620723025e+00,-2.588970879589837750e+02,8.872841098183040742e+01,6.998869825474872641e+01,2.276710673153165203e+02,5.954675734714442115e+00,1.113639956366338595e+02,1.584242284555120079e+02,1.626562401889340208e+02,8.234324652587426385e+01,-1.124233162672782953e+02,1.474213591041163518e+01
1.167727556763950219e+02,9.375973644897592862e+01,8.521715014539911692e+01,-1.758330374320510430e+02,-7.519969538048637503e+01,-1.155063584424905088e+02,-7.340708847671784554e+01,1.174075174530726002e+02,-8.744082140697652505e+01,-5.438570778921771876e+01,-4.066092128105319858e+01,-8.350039358142364421e+00,-2.291255135643725680e+02,-1.037134458386585578e+01,-8.427810610823092929e+01,5.927488454131960793e+01,1.503247623340877794e+02,-1.210809435346960328e+02,-1.466907211109954687e+02,1.187378855928724875e+02,3.497333938193965537e+02,3.645111751380451182e+01,1.341944520912286976e+02,-6.368878659960728328e+01,2.820799587546079934e+01,4.797679134683532709e+01,-4.211277598320837257e+00,-1.799760087021216037e+01,-3.136681172204807808e+02,1.587668868221541061e+02,-3.616902492846163852e+01,1.509014055026432857e+02,5.951721931224589213e+01,2.506298282494580860e+02,2.233426766750234833e+02,2.186265366241465529e+02,5.211674286193800754e+01,-1.138488741623993121e+02,-4.651905983569274383e+01
1.142561918790093216e+02,1.079950811067602956e+02,9.384233875158970761e+01,-2.314750245594320859e+02,-1.538710971129764289e+02,-3.052124825606565537e+02,-1.830513063858362557e+02,2.066709385079121830e+02,-5.985826915616304689e+01,-1.126896236445898438e+02,-5.720280590479295313e+01,-1.149388933449093742e+02,-1.958074854658486004e+02,-1.308460617690571155e+02,-1.250123251687106745e+02,-1.852270735434893822e+01,-2.136716986219927037e+02,-2.519223703343353193e+01,-5.721960709547753510e+01,2.796414626436373965e+02,6.206569024087814341e+02,1.331577098281031795e+02,-1.412421725751015344e+02,-2.025525332475417883e+02,-1.926475452569864899e+02,4.043617722715563190e+00,-1.914281623344440320e+01,1.268429898233155484e+02,-1.534996547169163250e+02,1.495076855389645232e+02,-1.052792613508138118e+02,6.050358783455797607e+01,7.517940546537325019e+01,2.429267925240231136e+02,3.159405781462350760e+01,1.859906279599794345e+02,-2.970328714456523045e+01,-8.142510210379036550e+01,-1.598979482288491205e+01
3.183282749960297053e+01,-1.715057126624057204e+01,5.630195172403990966e+01,-4.622140577436819342e+01,-1.049215600169851683e+02,-2.441496580188681378e+02,-1.953226053308276278e+02,1.121750666859216921e+02,-5.291343009507875905e+01,-2.306191566855314363e+02,-5.531333294574834269e+01,-4.796113728457275016e+01,-6.625257592747415458e+01,-8.804127186562047314e+01,-9.023285020787136546e+01,-1.192827562169308919e+02,-3.149707549125815476e+01,-1.144849355351140900e+02,-1.145161593241417251e+02,1.449960742059369636e+02,4.874273202041777040e+02,3.403441763005734799e+01,-2.325962385982419676e+02,-2.017074654577826038e+02,-2.363524778797360000e+02,1.190757020991020987e+01,-2.106833411241668585e+01,1.934101443476883730e+02,-1.166012872062599399e+02,2.626894419732927943e+01,-7.524933178094305219e+01,-2.818784155182043492e+02,1.597274599147050367e+02,4.042967774806190562e+01,1.345472770963065834e+01,2.582697636559582932e+01,-8.761185732977453711e+01,-8.585371742916201754e+01,-4.587866754448688766e+01
-7.235864873350493554e+01,-1.485367179325143354e+02,-2.631802081680957528e+00,2.039740309715300839e+02,-3.541432127947208386e+01,-3.023163112523535290e+01,-1.413121205946839609e+02,9.892407084054308797e+00,-1.264007804335018363e+02,-2.830322244723445237e+02,6.362783606608577003e+01,7.173805043757639055e+01,5.246064353980230521e+01,9.147086808382224987e+00,-8.764735451865105631e+01,-1.783485671261905168e+02,1.161353203011498465e+02,-2.952292621058591067e+02,-2.560115048516129832e+02,-1.028225842352181019e+02,1.780797970210953167e+02,-1.947550943571530127e+02,-1.420792143349488583e+02,-6.982119947313606190e+01,-1.760363673123681565e+02,-7.692289314991782589e+00,-8.209668589780960701e-01,8.282093513918566430e+01,1.100042241836360404e+02,-5.082650116622026104e+01,1.027443059239561762e+02,-4.588902007490074197e+02,2.325659157577265717e+02,-2.504986890324353794e+02,5.385755588927722215e+01,-1.678003271193887826e+02,-2.847114289130415798e+01,-1.679214775975183045e+02,-1.778152717060829957e+02
-6.104044881726775174e+01,-7.051339340519707832e+01,3.243318262813819786e+01,2.285939113155507130e+02,2.798820457729822664e+01,6.155491225382617415e+01,-4.379474349158148527e+01,8.335889547446758741e+01,-7.399090105794232386e+01,-1.772804915867769466e+02,6.279807746601932905e+01,5.938735476594858653e+01,1.686741884323773633e+01,9.544897391743258908e+00,-1.780752744216027281e+02,-1.902824667044129967e+02,-4.150390035246851426e+02,-3.181273116175451037e+02,-2.591916810647515490e+02,-6.263092304083664885e+01,2.665814589458415185e+02,-1.814601202523699612e+02,-4.694867100847520902e+01,2.688148223960919125e+01,-1.016735534502349338e+02,-1.199642128399638352e-01,4.038109703377601534e+01,1.288715844977671168e+02,1.661417761403915847e+02,-1.199998924809654888e+01,2.734839902463046428e+02,-2.648883785354824454e+02,1.813023325220615902e+02,-2.430851758886912535e+02,-6.778178741022001930e+01,-1.110180911107261608e+02,3.605947561123909395e+01,-1.760599386797960619e+02,-2.190640339976361304e+02
3.427612206972567321e+01,2.594554024661128722e-01,1.444782950258724270e+02,1.106070568736807331e+02,4.089901231804012838e+01,1.176544433064468222e+02,2.505386328389407780e+00,1.467145249276794061e+02,-3.755394787517531086e+01,-1.446574949298774015e+02,-2.346474896931415230e+02,-1.869771934403178903e+01,-4.554242051134205838e+01,1.940238046015601725e+01,-2.014054017106515744e+02,-9.714341673198617855e+01,-4.729731814988815586e+02,-2.355355593807408923e+02,-2.240228845777798483e+02,-1.140461392147861730e+01,3.295490444720884966e+02,-1.049514723136370122e+02,1.784547115466554885e+02,6.523711655680638444e+01,-2.500632850902803739e+00,6.735049660756109802e+01,4.136401428665227087e+01,1.327795245944107023e+02,7.054784933096109967e+01,5.235906498466768966e+01,2.737215402603639518e+02,-1.488542442470082676e+02,1.485144626286609082e+02,-6.149128903795480028e+01,-8.642333820921862753e+00,8.083994451798301384e+01,3.321796339451326929e+01,-1.399197731314240514e+02,-1.889974650635431033e+02
5.334474989607446105e+01,8.103644318072142028e+00,1.647599973906870048e+02,-3.871502182934199965e+01,-1.121995844887553417e+01,1.012688558634724387e+02,-4.960186151689812561e+01,1.781883457365343872e+02,-6.028440906385066000e+01,-1.297231670794349156e+02,-4.050517738795099945e+02,-9.536321734908779035e+01,-5.968139065123556719e+01,8.934691263682527307e+00,-1.356064522652020230e+02,-1.674538222578784641e+01,-2.962633672173614059e+02,-1.206723039335575578e+02,-1.515651132965900274e+02,-2.197521045806684370e+01,2.460415570417049764e+02,-5.217989808042145228e+01,2.612669640164464795e+02,4.262006531080813687e+01,3.269966328648770570e+01,8.641807787955836773e+01,4.140165473736041690e+01,1.244789597921791255e+02,1.323796690114240278e+02,6.862522329174095148e+01,2.304699097871213667e+02,-3.425769948390956188e+01,1.134587182277345221e+02,7.699036098670364936e+01,8.716851775512820666e+01,1.887216148202211343e+02,5.143806841317657330e+01,-1.022916165846484091e+02,-8.647739036633213061e+01
-4.595641081034343500e+01,-8.640521245965324226e+01,5.671241644558264028e+01,-8.397755807364642067e+01,-1.375386992939466957e+01,4.896094409160595262e+01,-1.063919832091671225e+02,1.350334277208376079e+02,-1.049667771600888386e+02,-9.722983551384102441e+01,-3.192706763861342552e+02,-5.006693553229943916e+01,2.582945439005772315e+01,-2.227734374124890948e+00,2.118552616616839757e+01,1.738480560470008029e+01,-1.182344093562877418e+02,-7.374951620977050482e+01,-1.049095910682282806e+02,-1.052100008507635209e+02,9.999571174965025477e+01,-6.529049235194251821e+01,1.847612175484101726e+02,1.312138499835551286e+01,4.172160796310322439e+01,5.919484202221951108e+01,5.431459044329527330e+01,2.290690845759649505e+02,2.829045249141585714e+02,3.776836989660433019e+00,2.352102400981992218e+02,1.769840319559448005e+01,6.912674900902391073e+01,9.982311577561587512e+01,1.296687687542267042e+02,1.272179614249661768e+02,7.916825207951625032e+01,-4.893647982264700858e+01,1.293955561404452936e+01
-1.693362700941007688e+02,-2.235990355270487271e+02,-8.245579196938678024e+01,1.135151559425198720e+01,1.171507906488341746e+02,6.951028343253871356e+01,-5.171257532192090878e+01,3.130646887252635224e+01,-1.376603441658812415e+02,-4.133411523728992165e+01,-1.123669524651692910e+02,1.118696426986914076e+02,1.128823782518054486e+02,2.417036253014164515e+01,1.709472239190359062e+02,3.469978480895669293e+01,-5.114293752211388266e+01,-1.250967847915809159e+02,-1.371746973147587028e+02,-2.090705549356968049e+02,-3.439018267424955866e+01,-1.182264519047153755e+02,1.204118791271648377e+02,4.457734640489066180e+01,1.092538085920210733e+02,2.471323102969967422e+01,5.885123101785502087e+01,4.073271321347564253e+02,3.222761132700106828e+02,-9.721845534890906038e+01,2.931036172278637082e+02,-1.142820288249558480e+01,4.506690534973709106e+01,2.376358042330027232e+01,1.063035073639379249e+02,-3.159792317334282785e+01,8.209410767358184557e+01,2.005889279639997369e+01,1.299888650848302518e+01
-1.897536173340685082e+02,-2.858335459395833027e+02,-1.328628696408551093e+02,1.630297913124101399e+02,2.920623870826687494e+02,1.675012800459915923e+02,9.185085003996583453e+01,-6.561745569002022194e+01,-1.680306924876730363e+02,1.745951931690060022e+01,1.639614302585702887e+01,2.481112356702797968e+02,1.607037937751806567e+02,6.766586847510582459e+01,2.168869489306314335e+02,7.540226688469901717e+01,-8.548806198212849949e+01,-1.801948979219717160e+02,-2.021911794569733161e+02,-2.465717173585117052e+02,-1.221486697036696825e+02,-1.663950695097018126e+02,1.700178274108097298e+02,1.184744247729186242e+02,2.097488027940233337e+02,-1.715726492465510944e+01,1.415340318788745044e+01,4.652565729421137917e+02,2.453176596213215532e+02,-1.334331821855615487e+02,3.120894223896170843e+02,-5.505913627022009393e+01,4.463730107769579547e+01,-9.789381206592543094e+01,5.023453381199539081e+01,-1.565473477998781107e+02,3.715826568753121251e+01,6.846999255700337983e+01,-1.019467014018396043e+02
-7.807842704294490943e+01,-1.704567046425981403e+02,-6.035781746706550166e+01,2.151393967042923521e+02,3.624325872382441389e+02,2.267417884465199052e+02,2.085447133656719814e+02,-7.568332926721878096e+01,-1.332017429005627491e+02,8.007970667756563898e+01,-4.998353539210974361e+01,2.139060719061175462e+02,1.559047127447531977e+02,6.321626896949562280e+01,1.156275993977693588e+02,8.729033235453171358e+01,-2.726634497407562208e+02,-1.107983859176408004e+02,-1.663677264386598722e+02,-1.158758116890625303e+02,-8.416790178054932881e+01,-9.853584222691829098e+01,2.324511297620775849e+02,1.378688326762508041e+02,2.385711701238539888e+02,-4.640833379770803191e+01,-6.159960438536990779e+01,3.650254668130908726e+02,4.917611551144341320e+01,-5.624566328805184412e+01,1.954973652686708192e+02,-5.471252855666765669e+00,2.520138485093877279e+01,-1.468946122754036878e+02,-4.842946610036947419e+01,-1.157948381042644996e+02,-4.177553894065415108e+01,1.004923056703080704e+02,-1.727432237778103286e+02
4.528750143931480920e+01,-6.824118303341551339e+00,3.988649527147609319e+01,1.498995533025453710e+02,2.286798600999833582e+02,1.719299135614579370e+02,1.667878915232748511e+02,-3.856671515212213563e+01,-8.418473470414186011e+01,9.631408102457923803e+01,-2.149154659978711948e+02,6.021401128514087731e+01,2.240312617167847691e+02,7.132374069958622442e-01,-4.868316708337786736e+00,6.028288480699539775e+01,-3.146446974653277948e+02,6.037123378937627649e+01,-2.827596917269131183e+01,3.785083867819601267e+01,-4.741178194592968964e+01,-1.671902372814430038e+01,2.173274815819888488e+02,6.104406290732829632e+01,1.173226183171844497e+02,-6.385586041463230345e+01,-1.305645236626358781e+02,8.398099135758700129e+01,-2.264061925112330442e+01,9.285000708719385898e+01,-5.607053543831160169e+01,6.145076794396798192e+01,-2.646103516862879701e+01,-1.298157590225017941e+02,-8.529575160813803336e+01,-5.447504910876443951e-01,-1.022545319321894937e+02,9.037688567870978318e+01,-1.411695937327987451e+02
6.074502266338237888e+01,9.653636078021446565e+01,4.899711892102439492e+01,-3.953508521229755956e+01,-3.000823148867669232e+01,2.249409415251525246e+01,-5.625021033736077314e+00,2.803852892404236030e+01,4.764426303975542254e+01,9.248773280672801889e+01,-3.668842288733920327e+02,-9.226385542118327976e+01,2.521849488782178526e+02,-8.458160054194956956e+01,-1.254149611237750150e+02,-5.243858003180922367e+01,-3.477113323790738946e+02,2.094259313939166418e+02,1.559136600136245647e+02,1.715043050339951662e+02,5.066755841938703497e+01,7.991514219650369455e+01,8.070636632171270719e+01,-8.102301985992637867e+01,-1.118563332599770774e+02,-5.658523296938613001e+00,-1.017083174914171479e+02,-1.465972150440180144e+02,-2.585299883796803755e+01,1.951333828925706939e+02,-3.155622762029577757e+02,1.396360766003761853e+02,-8.311152693991823526e+01,-3.311481951326764772e+01,-1.027069081148902256e+02,1.317201478970179949e+02,-9.572651230323570815e+01,8.160245191833260492e+01,5.079966801218683514e+01
-6.197564457267956328e+01,1.100961852175786930e+02,-1.187389302502654331e+01,-1.832168906352944475e+02,-1.625956496173621133e+02,-8.931926965486925951e+01,-1.803697118110273721e+02,7.210387973323575750e+01,1.895195711347566032e+02,6.786190551225492129e+01,-2.746672930458242377e+02,-1.732931743267844240e+02,8.450659093506369857e+01,-8.935429561728494718e+01,-1.479318438190200595e+02,-2.250039722152286856e+02,-4.047404690830006757e+02,2.124068768313557314e+02,2.244771735645915669e+02,1.560938347969662914e+02,5.275586101706231545e+01,1.074663956420025812e+02,-1.315871617780571796e+02,-1.496048386255532989e+02,-2.243009733751846397e+02,5.731771468359976751e+01,-1.985787350341588109e+01,-2.202858596745149953e+02,-7.774076765507487607e+01,1.257321529832864542e+02,-3.585854571462404579e+02,1.975149388394765424e+02,-1.091768839025882727e+02,9.783560727898520781e+01,-7.693522100392303287e+01,1.251693177098055543e+02,1.061266584833328075e+01,3.725362400344025815e+01,2.117772016812517109e+02
-1.421627840071677724e+02,9.969931823891107214e+00,-8.900180398454239139e+01,-2.703585515092520950e+02,-1.968484866940545999e+02,-1.221696212451156782e+02,-2.414515177085054347e+02,4.511174612541272211e+01,2.674317118593540386e+02,3.027339201647538758e+01,-2.174273938119584955e+02,-1.129695805504844088e+02,-7.645922940206831697e+01,-2.729031990543626662e+01,-1.055309237927024526e+02,-2.537331832752532250e+02,-3.256464188175346521e+02,1.074013471160781990e+02,1.726831996215684626e+02,7.378946641962070885e+01,1.087629389064746590e+02,7.250561673152122921e+01,-1.652329028379026852e+02,-1.504097433297905582e+02,-2.218528750663564324e+02,1.531618183135748268e+02,6.780321898059686703e+01,-1.730836342512272097e+02,-8.190409867240934716e+01,-1.448253640291153133e+01,-2.954708442186055777e+02,1.111542334671930092e+02,-5.115753622792309585e+01,1.808827431378589381e+02,-1.361993102844991910e+01,5.254887142313435788e+01,5.684247906884339585e+01,3.866530553456833275e+01,2.664584673460517479e+02
-1.070097195782214357e+02,-1.242234376024514830e+01,-1.171067769105735294e+02,-2.914321636486322404e+02,-1.672315843980026955e+02,-1.026104557526611814e+02,-1.852075405439836402e+02,7.478385838960676324e+00,2.464653257353714082e+02,4.340987219648263107e+01,-1.418639769952460767e+02,-4.519772966703283146e+01,-2.051452518830417091e+02,3.286706484159497421e+01,-7.982860671271511421e+01,-2.076718295543280988e+02,-3.467896214233755359e+02,1.756162338043084503e+01,9.613389692607967163e+01,3.675227131048546880e+01,1.851932895258642304e+02,5.607031482954094059e+01,-1.194032216029634412e+02,-1.044980155259021188e+02,-1.382806850626005541e+02,1.819767398515066930e+02,1.079209913175812687e+02,-8.618853938188634345e+01,-2.052144107139670126e+01,-1.364687652791936046e+02,-1.375727901462537375e+02,9.655953537976088796e+01,2.758903996449424767e+01,1.666261277230580049e+02,-8.040320486927008403e+00,-2.883787814778519021e+01,7.196783906340657211e+01,6.151074981078822645e+01,2.398887312584674874e+02
8.811069196494708322e+00,6.324349014301209593e+01,-8.439768853271942817e+01,-2.482961477993374331e+02,-1.364405450093970273e+02,-5.767183901882916075e+01,-8.682818476922913931e+01,-4.039536480731904078e+01,1.404065630510470726e+02,7.216121019838007555e+01,-1.157005560600358507e+02,-1.330049878306711619e+01,-2.176353307530987138e+02,5.361188797153441499e+01,-8.101796746392375326e+01,-1.712542750319241520e+02,-2.979108541473108858e+02,1.360515441968977335e+00,5.276530129636037003e+01,3.294863876059847030e+01,1.851304726154012883e+02,6.171731392938342253e+01,-5.175502985708812531e+01,-5.427304290681015431e+01,-5.284152737601708338e+01,1.509604822935040431e+02,9.002076715265923212e+01,-3.244876449792341333e+01,4.352239429247622837e+01,-1.759641590757140079e+02,9.306461817498107081e+00,1.564249821126794586e+02,8.019313974249214994e+01,7.361928618846519612e+01,-1.858920872136646807e-01,-6.805517023289573331e+01,8.220535972092535815e+01,8.386739419607253865e+01,2.064921081422658062e+02
7.209334244527420310e+01,1.652864571728304668e+02,-6.120559375686578818e+01,-1.758012541951719356e+02,-1.324137891768066311e+02,-3.217465601350281190e+01,-3.940133460907863849e+01,-5.818756556321459783e+01,2.319988688610070682e+01,1.024888690755439740e+02,-6.561862922586395541e+01,-2.341956653361462060e+01,-1.433437379196010113e+02,1.732147928027949035e+01,-1.216376027184297612e+02,-2.211306773090246907e+02,-2.978357055313944670e+02,3.156808778565681095e+01,5.746113188799892413e+01,5.556060233032309270e+01,1.307056346980170929e+02,6.072940767156609354e+01,-7.632774353575773318e+01,-2.270307971171165917e+01,-5.587772150016189698e+01,8.253294574506222148e+01,5.966220699167594432e+01,5.008936458463011832e+00,1.346935536423536632e+02,-1.330382322953031178e+02,1.335611540833705533e+02,3.261737317962619045e+02,7.160258133176218109e+01,-4.186482783826242837e+01,-1.446035850253695187e-01,-7.715734072996708903e+01,1.439352735363660543e+02,5.961078615440651873e+01,2.029435135462595952e+02
3.508314802382973596e+01,1.568395865081845386e+02,-8.147535236879507181e+01,-9.585843424361456755e+01,-1.081001344762677405e+02,2.069062799363140925e+01,-2.535647004268829363e+01,-6.799521751994620899e+01,-4.583056929298773952e+01,9.830418060759264165e+01,-5.098099423930635510e+01,-1.973832380874830505e+01,-6.624974485443227934e+01,-1.540823885937006033e+01,-1.640052456060373913e+02,-2.640412453554202443e+02,-2.580003318363057474e+02,3.070579768398054910e+01,5.069271922554568022e+01,5.228137269863552206e+01,5.407963854547539029e+01,3.303869467583118791e+01,-1.141020821742967257e+02,1.032352031001977899e+01,-1.081121988051964564e+02,4.718155127340666866e+01,5.238365572016780902e+01,6.566253953225637474e+01,1.839368068343825655e+02,-6.494064142494129044e+01,2.105360820289009780e+02,4.374414316517561474e+02,4.091595371881913223e+01,-1.145098170281463723e+02,1.548055567459118365e+01,-8.267605143950390811e+01,2.024932132229030799e+02,9.445167387313500029e-01,1.608681546446731545e+02
-3.121331559738734995e+01,6.334785575745816288e+01,-1.188632674244675087e+02,-5.525735153536390953e+01,-6.143309455838458888e+01,6.461910508773669903e+01,-7.758719796427975268e+00,-6.617980139319938360e+01,-2.329129937868181699e+01,8.131101974850088254e+01,-1.071823867173234675e+02,-2.774093617050106175e+01,-1.522052912038579464e+01,-1.707389391666102441e+01,-1.970021119679853996e+02,-2.116727783749137473e+02,-3.333402707490467378e+02,8.884353022497498031e+00,4.403447271959941389e+01,1.045173470321007585e+02,1.368793640339368665e+02,3.220239296819007535e+01,-1.346439812757618597e+02,3.111947365723910153e+01,-1.560586281997847777e+02,5.385867506301541852e+01,6.816040802716844382e+01,1.905728889539904571e+02,1.607918860924593787e+02,-3.325706288811985445e+01,2.495972849687757389e+02,4.473976596820889995e+02,1.104541011431692255e+01,-9.589275864152119766e+01,-9.665099440688170063e+00,-6.730116160936499625e+01,1.734495701441324229e+02,-5.769923684278006704e+01,5.856284682004501718e+01
-5.207492269244492888e+01,-2.487464365310828640e+01,-1.448068024070061313e+02,-5.229462945961430620e+01,-6.087561557356151098e+01,1.345806871118226411e+02,2.336323677596286785e+01,-7.883479932728054962e+01,4.004675575441170032e+00,6.732357664051828294e+01,-1.791391485943767350e+02,-8.283166181107525006e+01,-6.018738197655604694e+00,3.904808764135399457e+01,-2.388857018700120136e+02,-7.622127062666328356e+01,-3.661047718780856712e+02,-1.520887277806307125e+01,4.081482270569688353e+01,1.744499294706852481e+02,2.424086357028577368e+02,4.462538785755089066e+01,-9.346378914832678220e+01,5.464348213717948965e+01,-1.402146861250325003e+02,5.645316014448434316e+01,9.041375431788709705e+01,2.007514758367927925e+02,1.652126577780102821e+02,-7.807098082658147575e+01,2.784443289144930986e+02,4.046931115744666272e+02,2.519766247282553451e+01,-9.197108356460779532e+01,-2.782729920648739963e+01,-5.393889884906749188e+01,8.802768984286738885e+01,-1.220481557670996153e+02,-7.446788135182032420e+01
-3.533431814531105886e+00,-1.663277314172487564e+01,-1.259418162097074543e+02,-9.708941950408805610e+01,-1.300696090678913492e+02,1.709950260792835763e+02,6.092801581128455979e+01,-9.380840416772524293e+01,1.727858391733348142e+01,9.165326422660862704e+01,-2.335801461846535574e+02,-1.742027953047133053e+02,-1.022915528074404179e+01,9.947197269303981670e+01,-2.857313538367444608e+02,3.130130051792169610e+01,-3.436561553584513149e+02,2.029742284752855142e+01,9.189861142163641716e+01,2.690276988380294938e+02,3.438778824811027448e+02,1.088069794073935412e+02,-4.241453053939935813e+01,5.759962061242407572e+01,-7.482547339092865002e+01,4.311453337499030170e+01,9.715411272095653317e+01,1.020786662294233906e+02,1.352717696218722665e+02,-1.762694778712039749e+02,2.816512733420091195e+02,3.792764146206407645e+02,4.642325257576622732e+01,-8.899531861975628999e+01,-3.253928934250204463e+01,-1.072056434380122347e+01,-4.579402799169138838e+00,-1.486964237892956646e+02,-1.220886871792559276e+02
4.431278025436631651e+01,4.765037446138384070e+01,-7.639415980447343202e+01,-1.561958561240232370e+02,-2.339487713212733979e+02,1.369126485799945101e+02,6.703561126381558211e+01,-9.038131197177409604e+01,-4.477444331286797308e+00,1.430588776059095153e+02,-1.988296549984064825e+02,-2.321346965058075682e+02,4.362970957237640057e+00,1.122842055362520171e+02,-2.958063861955686207e+02,3.428739410360565643e+01,-2.537955175911956189e+02,1.053934543405534896e+02,1.714689379910296907e+02,3.287483759828779171e+02,3.775793995771888376e+02,1.582319388667575879e+02,-3.032986532500725474e+01,4.307054357620228302e+01,-1.922082902513585623e+01,1.114178150213321850e+01,7.519873562463675398e+01,-5.348038462093989409e+01,9.762849918770371005e+01,-2.536283251052424248e+02,2.731899627868900211e+02,3.999590953395100996e+02,4.078559410668824370e+01,-6.072866252682753441e+01,2.451830557266417188e+00,2.838405535538118585e+01,-3.321405147327075724e+01,-1.402790743462757348e+02,-6.237564347583714408e+01
3.349208152156863605e+01,4.997194966667248650e+01,-3.252651124101099356e+01,-1.826483192182882078e+02,-3.021374642013002472e+02,5.986526842075617338e+01,4.142859833353711707e+01,-7.282344577311104672e+01,-6.811804008593117032e+01,1.728708229994678049e+02,-9.571345476957435494e+01,-1.888713442799140694e+02,5.411474255613764228e+01,6.535017498981281392e+01,-2.203087412663689406e+02,-1.643293314657380932e+00,-8.438369916497889278e+01,1.751069579749429863e+02,2.015987033433689817e+02,2.846667461625091846e+02,2.969261838499209603e+02,1.159503678903644754e+02,-3.708511718312377070e+01,2.871849974946292150e+01,-1.256251503754453935e+01,-2.368422142972039524e+01,2.705497233604297946e+01,-1.789642085481447111e+02,1.115823591873932656e+02,-2.273327694571121071e+02,2.579957449772743416e+02,3.892658041048205178e+02,1.000116341549914978e+01,2.107882433984276105e-01,6.680652496581414823e+01,4.978650684774855506e+00,-6.767116760876155546e+00,-1.074249736577643972e+02,1.410769829368150319e+00
-9.740795890324225326e+00,5.430637126071957255e+00,-7.353307994070586773e+00,-1.808620369869798310e+02,-2.901982136796757459e+02,2.891101113051127935e+00,1.831789305488641517e+01,-4.884465406364850537e+01,-8.852265436581711811e+01,1.462675371541760967e+02,-5.190890792427115485e+01,-1.000185962126417394e+02,5.007683530997969257e+01,2.036287523526222110e+00,-1.162383208607353424e+02,-2.667897957247857832e+01,2.095987173459812780e+01,1.769576973006355729e+02,1.562780449166120320e+02,1.956391257992983412e+02,1.737463471905903987e+02,4.260612612165810731e+01,-4.936752787828588396e+01,1.717310644273538855e+01,-2.615778348568099076e+01,-2.006352327311056882e+01,-6.306997495373275697e+00,-1.593999236816544283e+02,6.156078875448238819e+01,-1.023704490029646621e+02,2.546419002767482027e+02,3.376577391366304255e+02,-5.371506136342951265e+00,8.840355816004807821e+01,9.192992375857571119e+01,-4.177640988016221257e+01,2.717031213614770024e+01,-5.025147434712929595e+01,3.392040669292550348e+01
-1.772435901262763736e+01,-8.537994077384068348e+00,-8.818568059104460843e+00,-1.621158172526722012e+02,-2.648370941499364903e+02,-6.939452457896969406e+00,7.412029348799567430e+00,-4.184251979514537112e+01,-6.016568751169597817e+01,7.178815730587049870e+01,-1.133129643872428147e+02,-5.295803204897474359e+01,1.318312783942047872e+01,-4.115792273835061366e+01,-4.486593174540071516e+01,-1.292188608931961369e+01,2.092705984982188738e+01,1.194411422235614566e+02,8.001469204699782267e+01,1.164276347900342188e+02,5.844937098335891079e+01,2.413809415275435910e+00,-7.231255635633689849e+01,-7.388164157987038294e+00,-4.460375057895894457e+01,5.425739360051058391e+00,-2.671925018524749618e+00,-4.503441521101288458e+01,5.768827353023869620e+00,5.998070349937107437e+01,2.530892992354916942e+02,2.868817604631493623e+02,1.476319631117134357e+01,1.138859459662068616e+02,4.345675532523416962e+01,-7.487777684244687748e+01,3.954432434104186456e+01,1.073289360964449202e+01,3.450075050111410491e+01
3.816431898975785941e+01,6.940722711789388200e+01,-2.738617303519658464e+01,-1.395197398684105679e+02,-2.858101571290159768e+02,1.052038405088340234e+01,-3.295738843014047514e+00,-4.833063982057772279e+01,-1.238851150145591973e+01,-3.314359985189684998e+00,-2.185480611764143646e+02,-7.971073184041374304e+01,-1.984951537993175208e+01,-5.187365935675385487e+01,-3.940574602709574492e+01,-1.104775371260491568e+01,-4.703484373022220666e+01,4.809580576316655964e+01,4.192332049421219153e+01,7.105329339281770729e+01,-7.704754016833424757e+00,3.031286285703175309e+01,-1.188007047898404522e+02,-5.055716550671446186e+01,-6.009016210390204549e+01,2.617539099193800212e+01,2.873571731631200521e+01,5.955995264136519296e+01,-1.447078417602499556e+01,1.629377272945390303e+02,2.268168974859610216e+02,2.932338515258259690e+02,4.950828427529034315e+01,3.335535707106458858e+01,-4.267193327770820588e+01,-5.806728801339396995e+01,5.192625566779014434e+01,5.088955254903143555e+01,4.731033115428820679e+01
1.151975952837426860e+02,1.772126633300822789e+02,-4.256595014019675460e+01,-1.001721917195661717e+02,-3.198858731923695018e+02,2.636025997747490734e+01,-2.388096225660743244e+01,-4.155097358271792274e+01,-1.998059191118151556e+00,-4.161342585357181179e+01,-2.463319329296966487e+02,-1.106156331261999242e+02,-2.313787335293808667e+01,-3.744387698346081095e+01,-5.610561410576319474e+01,-4.364834589023233491e+01,-6.459921771804926038e+01,-1.006877303897580589e+01,4.338642756576999204e+01,1.637042262990381403e+01,-3.193317717052004312e+01,6.588117752940313210e+01,-1.524643970581654457e+02,-8.347207639552397040e+01,-6.572003550072736289e+01,2.926282389777868076e+01,4.749823097839792041e+01,7.169193394289514742e+01,2.176823696448602163e+01,1.609572649037972383e+02,1.619118028395416502e+02,3.277581633451800940e+02,6.432307898547159652e+01,-1.034735732698752741e+02,-7.465736414547849620e+01,-1.150032424137041076e+01,9.054253116735483786e+01,4.740608397472917801e+01,5.251370639943065299e+01
1.573056643515078008e+02,2.136251274440781742e+02,-2.775714546001399441e+01,-4.171088144771653106e+01,-2.701451203761415059e+02,2.155409208263777643e+01,-4.109036674579422765e+01,5.708185415475003133e+00,-2.518437578819275657e+01,-4.588222910343564820e+01,-1.725836728942454101e+02,-7.401903025705077255e+01,-2.210766545336419853e+01,-1.291681104095310850e+01,-4.372864288330443827e+01,-7.570225058111347494e+01,-2.547481966504549789e+01,-5.843244058516608419e+01,2.749819752851680832e+01,-5.093134589959230141e+01,6.217554698778569033e+00,4.702880944197843860e+01,-1.184915154914532138e+02,-7.701153618736992712e+01,-4.578780131932138886e+01,4.227596847322907081e+01,3.169839083815122294e+01,3.582635443232179995e+01,2.912751566570175399e+01,9.594349699538771858e+01,8.491108610809632751e+01,3.128279043820593301e+02,5.025772825294337309e+01,-1.689818918525633080e+02,-1.376212206526068016e+01,3.540111629941900162e+01,1.301611481425617853e+02,1.255507754946817833e+01,3.063984941003004892e+00
1.464205876063086293e+02,1.522353996867365424e+02,1.852186974499846528e+01,2.039798660648224171e+01,-1.051521009575155006e+02,4.849614666107567196e+00,-2.393480398433112555e+01,7.758616620595542201e+01,-5.252219006471203500e+01,-3.608874238345569552e+01,-5.926634484044793538e+01,1.870963238750168856e+01,-4.496704283030780402e+01,-4.731397587042228459e+00,8.579872964150828452e+00,-4.194742705429410279e+01,-3.819354133809521556e+01,-1.040666495643296798e+02,-4.949616567211137408e+01,-9.460271596885054635e+01,8.027160653931464651e+01,-1.874406182014029199e+01,-1.729058480267413600e+01,-3.246897340554111366e+01,6.991398270667419368e+00,7.667397558991515893e+01,2.202321171846920222e+00,4.178394461237041924e+01,-2.800421363809521580e+01,7.111795927908575266e+01,4.916672290759738928e+01,2.204866052611237421e+02,1.859838026955161183e+01,-1.042880094426335944e+02,6.072904361625485592e+01,4.069431310478836394e+01,1.189591927576776271e+02,-7.515095619626221080e+00,-1.285146671658571051e+02
1.052675253673500890e+02,7.163613861794350157e+01,7.446467410315375446e+01,5.796138188106237976e+01,8.445594805770902269e+01,6.558029186737242000e+00,2.864498114178954324e+01,1.088929534127213827e+02,-4.022168126225322737e+01,-4.760105432561680061e+01,-3.238631118650053509e+01,8.160540468253384461e+01,-9.631322366791150102e+01,-1.972797337021915354e+01,4.821354427027478806e+01,3.770055238445636547e+01,-1.413054370491877307e+02,-1.498923467287341680e+02,-1.689057225699207834e+02,-7.108818808851708582e+01,1.361010241574332440e+02,-6.673218155400240903e+01,9.550152226837758462e+01,1.331018375525484565e+01,8.123607555170652006e+01,1.271058545332382721e+02,2.994684021580134470e+00,1.312784677696659514e+02,-1.478698243671794899e+02,1.347626268029316350e+02,8.220774841544169931e+01,1.060696418172143609e+02,2.538933114492261112e+00,3.261419302633160555e+01,6.534551117285769806e+01,-1.020683521644956127e+00,4.208552701912643812e+01,2.225062330222316831e+01,-2.602913508318430331e+02
4.283953587848925793e+01,2.946210766887064381e+01,1.001819100229446349e+02,8.813272733488729216e+01,1.764087993592730186e+02,6.523339829061272610e+01,8.490295084004898740e+01,4.150299539931212678e+01,-2.396643724767436012e+01,-8.768666597525043471e+01,-8.422191002024428030e+01,7.776731397380758892e+01,-1.363896521344582879e+02,-4.738543321660744567e+01,5.328645236980511157e+01,9.971930310111616791e+01,-1.867742026152443202e+02,-1.976122727283701295e+02,-2.784855804345964430e+02,-4.515862083811278893e+01,5.311652071844189038e+01,-9.169036966282376966e+01,1.569182260837904721e+02,3.845411464092568821e+01,1.415676836749569247e+02,1.366422599312234070e+02,3.518104920767507338e+01,2.102157740091669496e+02,-1.837160788635932249e+02,2.363500246994713621e+02,1.549376172250219099e+02,3.795251216681321438e+01,1.330215871473814282e+01,9.231160655435090234e+01,2.477530269666138096e+00,-1.147723883106363019e+02,-4.487018844276991558e+01,6.841551575373836158e+01,-3.258018186958725551e+02
-3.633013640887315887e+01,3.418810490834225391e+01,9.602646268302976296e+01,1.333862496505940385e+02,1.903809974796901088e+02,1.546397234185150182e+02,1.358047987701973796e+02,-8.238739233329852141e+01,3.916921669850830234e+00,-1.051669664238691695e+02,-1.271689399456678586e+02,5.129704174716421505e+01,-1.717441935291073207e+02,-7.502443700940636973e+01,4.312270258107643173e+01,8.857480656718914247e+01,-1.743124760686611125e+02,-2.284495212961672621e+02,-3.086637104992335026e+02,-4.818162230485887676e+01,-8.787286437770629277e+01,-8.147979217392644102e+01,1.188732952196479857e+02,3.723535650930851659e+01,1.608571950826453190e+02,8.455980507787376155e+01,5.717314810927838664e+01,2.741895209799052395e+02,-1.652978040088744649e+02,2.587174251931555773e+02,1.964375426551680732e+02,3.289799401970024206e+01,1.765974575171171779e+01,6.198034560718722474e+01,-1.003391399211424186e+02,-2.502427676245429495e+02,-9.909972991022210920e+01,8.444386460491421076e+01,-2.988788512854076771e+02
-1.120932959520442438e+02,2.524083008812862516e+01,9.166960043812082404e+01,2.253099331909541547e+02,2.442604234110840764e+02,2.088995821353717020e+02,1.934495588626750475e+02,-1.719465395406654693e+02,3.431701758331146834e+01,-5.509635995768431371e+01,-5.477896517449259051e+01,8.897897903617698034e+01,-1.871677255897437249e+02,-8.798624057079564409e+01,8.215431393119121140e+01,6.578482743970886304e+01,-1.833500884546979535e+02,-2.298963888621181013e+02,-2.527380709066027293e+02,-8.812074957020766419e+01,-1.393825806728671353e+02,-7.502377696943494811e+01,6.565978884635279123e+00,2.685868689181346625e+01,1.329059859991875499e+02,-8.400492935238268899e+00,2.594582203313510860e+01,3.410039455931747057e+02,-1.487028896436783043e+02,1.455075748327154770e+02,1.627685107451095519e+02,7.294720633152641298e+00,-1.641220680256405728e+01,1.671835851466754264e+01,-1.944989333334932837e+02,-3.460835105948239629e+02,-1.310630540875733914e+02,3.196962569494957762e+01,-2.683911338259567856e+02
-1.390721146154207872e+02,-5.367850781920635228e+01,1.150653679934230809e+02,3.821980646796947667e+02,4.001331176112572052e+02,2.254670357558453020e+02,2.611942271439198180e+02,-2.068410891912753016e+02,1.594910814608434180e+01,5.156421254687204581e+00,1.041468768680854993e+02,2.197717520119436188e+02,-1.550470061552170478e+02,-4.177068180116271634e+01,1.997966651403792184e+02,1.341273548820668964e+02,-8.605844367143470208e+01,-2.381761070208788169e+02,-2.034401805128958927e+02,-1.971170844946536533e+02,-1.390751542518789847e+02,-1.516427691496300838e+02,-5.491829043116364062e+01,4.122608360151870954e+01,1.066337114608247418e+02,-7.404307641632486536e+01,-4.506721131761912602e+01,3.423340521544647572e+02,-1.691066260293198127e+02,-5.142632142780249183e+01,7.475324831403145254e+01,-1.758226577663832018e+02,-4.789862737849075103e+01,-1.369454542145485654e+01,-1.712442571752570757e+02,-3.711839287257562319e+02,-1.693006456404527853e+02,-9.224300148438821623e+01,-3.412526374319931506e+02
-8.573634681582674943e+01,-7.168271521008051650e+01,1.451166181401014796e+02,4.883983443535304900e+02,5.584385027851079712e+02,1.918514159437277726e+02,3.078640108472157522e+02,-1.572562690608512810e+02,-1.847240506766948620e+00,4.716855819198002564e+01,2.580672328097388686e+02,3.062467538541548606e+02,-1.727701399531687230e+02,4.212292930159531323e+01,2.421683934856428380e+02,2.064410196548433873e+02,-1.294679477589397152e+02,-2.552865003352628435e+02,-1.747120877932931649e+02,-2.346179359803801674e+02,-7.529961022355456635e+01,-2.077641004314231452e+02,-8.556101736565514670e+01,6.772847433098728231e+01,1.017050924847107609e+02,-5.233197835625199446e+01,-5.747287143621234407e+01,2.993844449310055893e+02,-2.741109402010266081e+02,-2.104175387934164405e+02,3.193760634968667134e+01,-3.452890132121890474e+02,-4.400068800474818431e+01,-2.511659974219771030e+01,-1.086410950515559648e+02,-2.636511565662931389e+02,-1.727709483782176108e+02,-2.090141745740072565e+02,-4.053460603149432018e+02
7.521923366079793993e+01,-5.314807746283236156e+01,1.954087726990804867e+02,5.077370903313933468e+02,5.596823755576265285e+02,8.306975510799911433e+01,2.939755128350852260e+02,-1.335945333908578903e+02,-8.148528926081328905e+01,-1.163515806199991509e+01,1.865504931775855653e+02,3.397741755123352618e+02,-1.800676866443736301e+01,9.888122104184616035e+01,3.065554512675792012e+02,3.323628160815821957e+02,7.360116931888300940e+01,-2.301901180480865321e+02,-1.742979571187198076e+02,-2.424969276246636696e+02,-1.860385509573998064e+01,-2.260452735726765923e+02,-1.011011732752599812e+01,6.444116061529199158e+01,1.250794663274250524e+02,4.817506780172684699e+01,-3.820513223508532263e+01,2.211671772336439972e+02,-3.491372735076345180e+02,-1.883055975233804418e+02,-5.212496160305759219e+01,-5.859995681785206898e+02,-4.253642263645115662e+01,3.281187411501509388e-01,3.367301612875721872e+01,-1.068367331500828783e+02,-2.183577288125039502e+02,-1.876233470664706147e+02,-4.373504367760717741e+02
1.792150724266823261e+02,1.168207030581382355e+02,1.620900953350949862e+02,3.391560092852622574e+02,3.290332983528682576e+02,3.710498168376943084e+01,1.811494065991633704e+02,-2.346788874143629755e+01,-1.338971536859351943e+02,-4.544987767392350975e+01,1.219222757236036045e+02,1.974936873435497660e+02,-1.157207760964880947e+02,8.741957372428724682e+01,1.545233415350976998e+02,2.165028850808955667e+02,4.713386993357558197e+01,-1.886171861812694885e+02,-1.364198605021690582e+02,-1.454197813710761409e+02,-5.826212687375848986e+01,-8.182743816076755650e+01,-1.209225805304174273e+01,7.241552352279249760e+01,1.611408226571783757e+02,1.218270934468858826e+02,4.939009821922172705e+01,1.049557760121541037e+02,-3.416521616023042611e+02,-5.976767085300292592e+01,-5.025726918333349857e+01,-3.987070532801274680e+02,-4.848960905993904191e+01,-4.359452989935930844e+01,5.778908535083606779e+01,2.223354537359012184e+01,-9.020985136744597810e+01,-7.757085016178760384e+01,-2.577872528245388253e+02
1.924515005111839514e+02,1.850771805689136613e+02,1.148105871512066898e+02,1.114306955791278000e+02,-1.327436405147184928e+01,-3.139779243790150787e+01,-1.206923153749213462e+01,1.102286657545733704e+02,-1.947745218356334078e+02,-6.476834504791325742e+01,4.019830653669691856e+01,5.930696948825858783e+01,-1.299881026793502485e+02,-8.905053477827395980e+00,7.344762210389531276e+01,7.833929784845061306e+01,7.687921506899581914e+01,-8.402138829038052847e+01,-6.035139071863858362e+01,-1.936001399010383039e+01,2.208676909100161367e+01,7.564797577576884180e+01,-2.678530058961494120e+01,5.205132689013741754e+01,1.392848900837389863e+02,1.021345415923532300e+02,3.958698037924974500e+01,3.590519591006972888e+01,-1.513526048677431959e+02,1.053636294038117001e+02,-1.079968035437067897e+02,-1.212123114847625516e+02,-1.043918341566151469e+02,-5.531526278296438193e+01,6.414913151121375279e+01,1.783404365720908658e+01,1.907613027302719999e+01,6.632664711958054227e+01,-5.364385436385296657e+01
9.501237246540596004e+01,9.666698394866898525e+01,9.135726249961710721e+01,-6.365056212793662382e+01,-2.309969332893854812e+02,-3.149491450539535009e+01,-1.744642380400235027e+02,2.332087745163561294e+02,-2.134284994293896602e+02,-6.199549819303575049e+01,2.363181733294595688e+01,-1.965639335890350026e+01,-1.948006288744602159e+02,-7.930063428250851132e+01,6.263211801571130621e+01,-2.660321845484663683e+01,1.063169208614347667e+02,-1.083351766071547262e+00,-1.396543930574407355e+01,7.873346459509203044e+01,1.669006528113777108e+02,1.864797129704568306e+02,-3.530197061179344331e+01,4.701334686636855764e+01,1.061758543062499882e+02,2.383682737739099622e+01,-4.571845534489042251e+01,9.370629740474742064e+00,-1.529695302166309645e+01,1.383186932176814139e+02,-1.548491421423961754e+02,8.953842024716854553e+01,-1.276688228423163309e+02,-4.442012330150181754e+01,9.238691220051333630e+01,-8.607432113900776471e+01,8.084284142426565722e+01,1.306109153599442436e+02,6.224100724090391878e+01
-2.325348010985950964e+01,-4.890402506537184735e+01,1.136393562430905178e+02,-1.537130439683964767e+02,-2.365017292012909422e+02,6.883926413012151357e-01,-2.144553374374728776e+02,2.822450415680528408e+02,-1.491696918980454711e+02,-4.537590597715291807e+01,5.922566858999772421e+01,-6.130511438399033608e+01,-3.041020605443417821e+02,-6.701631008610488038e+01,4.599524875673078128e+01,-7.441846840650570982e+01,-5.855223932089333516e+01,2.490822738037942941e+01,-1.366329200661889232e+01,1.802697063141400804e+02,3.634447257859043248e+02,2.684193625032981458e+02,-6.533075678741988668e+01,4.068755957136605872e+01,5.790806605329278511e+01,-2.538502368593570679e+01,-9.588940546194714898e+01,2.234141793509390794e+01,-6.764319961475635523e+01,1.570845411638564393e+01,-1.145088017382727514e+02,1.402801499984315967e+02,-6.622812417392545115e+01,-2.090013443764829759e+01,1.014513186397961562e+02,-1.479353871234334861e+02,6.876885750167755873e+01,1.070189661655922748e+02,7.876420267236879624e+01
-4.683042400348766421e+01,-2.124490865310780237e+02,1.790640715480938638e+02,-1.225034737566350174e+02,-1.345781919924806118e+02,8.342587704306242813e+01,-1.279410709960738330e+02,1.082455588120164833e+02,-1.243420064525251831e+02,-1.355578640040030507e+02,-2.897635561504876733e+01,-3.753795908269690074e+01,-2.850268215549198203e+02,6.762096704965640015e+01,3.653295283916715874e+01,-1.909985560788562964e+01,1.654836260382807041e+02,-4.557083608661137220e+01,-1.231863754008876697e+02,1.060612055468103136e+02,2.954264695610141302e+02,2.163428703012220637e+02,4.075681011034119194e+01,3.869638265170889468e+01,3.455308077181825865e+01,3.062124072820559917e+01,-5.972989630461066923e+01,-1.113423869987510386e+02,-2.216139106842642832e+02,-1.554103619812338479e+02,-5.152264428171110211e+01,-1.562312719607721760e+02,1.041915611205671581e+02,-5.965985206063797364e+01,2.424836535549771099e+02,-1.244816729365116856e+02,-2.399073448844650258e+01,4.946224250024719282e+01,-9.496525815589762942e+00
1.698421401674709585e+01,-4.081765417140677243e+01,2.305319073484393471e+02,-1.395878884327435969e+02,-5.866843284217650734e+01,-3.140558771297913054e+01,-1.939358982916454721e+01,-1.573219616134626264e+01,-4.172915736079920279e+00,-1.015638440461070076e+02,7.705081502573419527e+01,-1.233714266801271151e+02,-2.800205557867527659e+02,1.080788799567559124e+02,-8.625906229603211273e+01,-1.013477024179258450e+02,-3.128316787879977028e+02,-4.189125367693112878e+01,-1.108103448602429353e+02,1.536252277700494062e+02,3.072528427098224597e+02,2.583202699804211306e+02,-1.036603177418428743e+02,-1.453592810868550522e+01,-2.130393973080004599e+01,6.759210419463815356e+01,8.018410880887761039e+01,-1.157580401778764241e+02,-3.821284808436320759e+02,-2.304161294965698232e+02,1.182954751752025544e+02,-1.109199654214728668e+02,1.194392515768229828e+02,1.151041638995864069e+01,1.180852530187254530e+02,3.413324322465731342e+01,-2.848266124911945951e+01,3.880766519694280703e+01,2.854263367498715454e+01
1.229898842381694806e+02,6.799111770748187666e+01,2.284493379846009873e+02,-1.023587140108160440e+02,-1.141142606797911867e+02,-1.047873671220186793e+02,3.426604779119835342e+01,-1.791791887792203966e+02,-3.943864240643284802e+01,-1.118276080642712031e+02,8.236906609273772517e+01,-8.801843597407115283e+01,-7.614272237639465857e+01,1.128395477679242447e+02,-9.468688246995819213e+01,-7.429876623022404658e+01,-4.969211149202011768e+01,-3.559399177373930456e+01,-1.147039289651018521e+02,-3.973777262744538064e+01,1.991442469683244809e+01,9.634509455296044678e+01,-2.890818769427540857e+01,-3.587419735559702616e+01,-3.255058913873502746e+01,9.147606650767407643e+01,1.424789599079210234e+02,-2.644966713428887033e+02,-2.665164607250089830e+02,-1.436181857070782826e+02,1.032732995158978326e+02,-1.580622795967601917e+02,5.983277905342421832e+01,5.242238403164803628e+01,1.484761806890744538e+02,1.074812279158849577e+02,-2.593095158337776951e+01,4.940467672444178504e+01,2.918410449593732636e+01
1.743324899471816991e+02,1.642913703661905345e+02,1.796878666817587202e+02,-8.997077930804961454e+01,-1.626362773398985837e+02,-1.263740180950616150e+02,3.830776574026068459e+01,-1.738735157572988612e+02,-3.181198523993248273e+01,-4.250710344164645704e+01,7.521474816314263023e+01,-1.645594241689836323e+01,-5.182859270101415561e+00,4.594781728060919335e+01,-6.044180770217930387e+01,-3.799239907041992836e+01,2.203441513852021671e+02,1.420841135937566513e+01,-5.257532992007523376e+01,-1.975602184571015698e+02,-1.868107606098638769e+02,-3.270747418408731733e+01,7.878423196289276120e+01,-2.379726158881450360e+01,4.153719460815042197e+01,9.580885866117358773e+01,1.220399996928225193e+02,-2.330475762129142367e+02,-2.446930264906861225e+02,-1.341593660650581477e+01,-9.870466890949765926e+00,-3.785930690684300970e+01,-8.907751612462173796e+01,1.758544066111569464e+02,1.478363685777441674e+02,1.223264631486824214e+02,1.589994370041790717e+01,8.019815245032106077e+01,8.295967062325561869e+01
1.381759285455805752e+02,2.055446798592319908e+02,1.236685002684191232e+02,-5.925037112786511528e+01,-1.212020471771133998e+02,-1.375239308130184668e+02,1.494311151305471430e+00,-3.450873785104884917e+01,-6.945284699219708813e+00,7.299766380825590772e+01,1.546857803933318394e+02,4.002199180947511081e+01,-2.233587519923669973e+01,-6.456303339100716698e+01,5.590865148847797172e+01,3.757035899135198775e+01,1.913508548280890125e+02,9.429930578337770442e+01,3.322290964814729364e+01,-2.352755143427158373e+02,-1.930917920665525287e+02,-9.142635758781169386e+01,8.073334533462175955e+01,3.183596238141914725e-01,1.527464571514659042e+02,5.398939316298242375e+01,5.504147400244293920e+01,-9.456115722292166126e+00,-2.771898983514707879e+02,5.003281568031481186e+01,-7.096070796276711690e+01,1.870203062124015787e+02,-2.438724479385796542e+02,3.011104173805110236e+02,9.713168470234003848e+01,4.086264953022590873e+01,6.929272518922991253e+01,8.732325042463799036e+01,9.092612392523388110e+01
5.836841956617670490e+01,1.551293083040067415e+02,5.658722992399204799e+01,-3.013304994273435966e+01,-3.918049247015868275e+01,-5.481267173109932855e+01,-2.233850424437825311e+01,5.843115684459957748e+01,-1.609976661552530430e+01,1.115902020971061859e+02,1.526588474251296077e+02,5.834234278623396364e+01,-1.398485490883934972e+02,-1.131397310558447060e+02,9.831428408503809635e+01,9.086102419591492207e+01,9.146720659660763886e+01,1.025389429117471991e+02,5.237534286027729991e+01,-2.042470546820922550e+02,-1.889407628822960703e+02,-6.951865745007053476e+01,6.098770098067136303e+01,2.873461919697402323e+01,2.284487243997268706e+02,6.274214980312156342e+01,6.280912677968183289e+01,1.727881217826256375e+02,-2.989774135256861314e+02,-1.382196176233152762e+01,-2.523881160076048147e+01,3.158026895230566424e+02,-2.095168290347713764e+02,2.311860757155401416e+02,7.262414424219055320e+01,-3.831901177849150031e+01,1.254077843275789377e+02,9.163847294788718045e+01,8.325391069186262882e+01
1.542010189112143870e+01,8.327680505007819534e+01,2.461533005785914696e+01,2.767914354446725511e+00,3.641377115140690535e+01,1.896854116828878611e+00,-2.894164472735910110e+01,2.390085273024258328e+01,-6.710994585097493825e+01,5.072655359480587123e+01,5.645844084991043133e+01,4.718617734070919312e+01,-1.864621205387299199e+02,-1.066374963851652495e+02,1.066511625556724141e+02,9.904995995896106820e+01,4.598202066130980370e+01,6.851530087809469194e+01,1.184486297344829886e+01,-1.684832233381941364e+02,-2.320155910733235487e+02,-1.815178302859996151e+01,2.186113883624847176e+01,2.988379525399696490e+01,2.327559315512922353e+02,9.880068383069286142e+01,1.266368818456718515e+02,2.273066426824340454e+02,-2.442940254873862784e+02,-1.340596661413649144e+02,7.911065585992960791e+01,2.862764572613843370e+02,-6.327485140819050002e+01,5.693649714184738286e+01,7.830163743109250163e+01,-5.697922816341925056e+01,1.368413224493856433e+02,1.300347112796520719e+02,7.761152769130964657e+01
3.451638688778211872e+01,3.551237788611896917e+01,2.836812746289538012e+01,2.927588744745196792e+01,9.157540842621996546e+01,-6.961107915080378916e+01,-1.303483033354670617e+01,-4.832229439924142156e+01,-8.691819662278281555e+01,2.688856832185075429e+00,-7.087469274097540506e+01,6.080660496540644999e+01,-6.077271017719071011e+01,-1.133754730581119219e+02,1.662592812793443784e+02,1.110601617700790484e+02,6.837034683156213077e+01,8.320835170060247776e+01,4.662179580001746260e+00,-1.406678069522060639e+02,-2.476791484082539512e+02,2.550072377317947314e+01,-1.105128795232194072e+01,-9.123044674598617121e+00,1.803149494332116944e+02,9.510937530511043292e+01,1.345504396629623045e+02,2.239445319115003201e+02,-1.435153984093747681e+02,-1.780800817431548637e+02,8.560690885572604714e+01,1.509596480238161007e+02,-1.774520263238646756e+00,1.034996889426919076e+01,3.662969986827890523e+01,-1.080399275294922745e+01,4.655087059752756318e+01,2.044209718041298061e+02,8.979084061402018335e+01
7.243903891341048507e+00,4.185725651937625003e+01,-1.099023837442755180e+01,7.717877091082341678e+01,1.595123153565120901e+02,-1.496026240846214250e+02,2.217546524069685177e+01,-7.926399343142431775e+00,-5.735911503677878898e+01,9.063399688447087499e+01,5.485089418765979730e+01,8.556616397499313109e+01,2.766228327942628695e+01,-1.378960457451898378e+02,2.618684454976757934e+02,1.210356691786799672e+02,7.142981501961790514e+01,1.421698457353221272e+02,5.423494841881159800e+01,-1.794798433371598207e+02,-3.957641549076344063e+02,7.698757082440289778e+00,-6.118654939002751547e+01,-8.021444309122417238e+00,1.712341571131884450e+02,-4.536779320280795957e+01,3.426986178208295541e+01,1.365036369702950481e+02,-3.804485455760274704e+01,-1.197225173334465325e+02,1.092125177283617532e+01,1.343888889181476429e+02,-1.127357602845959121e+02,1.211479030294176056e+02,-9.678563706599919669e+01,-3.434247180245925790e+01,-2.166178203994275364e+01,1.766906375276917913e+02,6.771225739307389802e+01
-2.325416121287227966e+01,-6.656048466633140492e+01,-1.144169810099263884e+02,6.903867243143996291e+01,1.320380082485083904e+02,-2.091665935695721146e+02,6.326684071582492663e+01,7.334073804821468912e+01,3.769818233616015135e+01,2.071543434038715930e+02,2.213336732157928921e+01,1.983476098234449125e+02,2.790937316049190713e+02,-1.701953271476245959e+02,3.714643042183714670e+02,2.893022643508925853e+02,3.691262156923639282e+02,2.352613737083640615e+02,1.584855957560372417e+02,-1.850631669408790003e+02,-3.700789272927028151e+02,-5.250136213389864537e+01,6.970672956382043139e+01,-3.367326414402594992e+01,1.229262984671211854e+02,-1.306064857246377073e+02,-1.076849377933174878e+02,3.108642841423765546e+01,3.144511140969585838e+00,5.855825327131627489e+01,-2.838281935681357027e+02,-3.264640789115387065e+01,-2.546005222433848587e+02,3.476705164924595692e+02,-1.696685519793635706e+02,-5.533236088799654340e+01,-1.742228018944281871e+02,1.030725758959400338e+02,3.582860361827343354e+01
-1.011270501546502487e+02,-1.210374746923181704e+02,-1.960853661202676506e+02,5.133712742669450790e+01,1.083038829888476329e+02,-2.162253647252377391e+02,5.812628454440159942e+01,1.283343040005536579e+02,1.165613339225522225e+02,2.374930214254945327e+02,8.706397292306202473e+01,1.974168380093740041e+02,4.217758497957930217e+02,-1.529600581593121547e+02,4.370933706506603471e+02,3.624851471480671989e+02,5.041877400137374252e+02,2.966512784670046585e+02,2.187818277263397135e+02,-1.441976952612259879e+02,-2.860692164017522714e+02,-8.750853218970915748e+01,8.517454463174892965e+01,-4.130264431634859790e+01,9.268836667911284621e+01,-1.961340751981483663e+02,-1.904094827607904108e+02,-6.621557383142130959e+01,-1.145885494334401500e+02,1.622796928065236841e+02,-4.256306536529600635e+02,-1.370521045713408625e+02,-3.165056740120667200e+02,5.224332410348631583e+02,-1.485990984606773395e+02,-1.307274242735806808e+02,-1.958960132709491404e+02,-5.242485265453414200e+01,-4.269086867804184493e+01
-1.294514563892577712e+02,-8.629597837455135334e+01,-1.934865628179694852e+02,-4.132603876356919415e+01,4.471794627403770050e+01,-1.330515302607557260e+02,6.468728819415061615e+00,4.875740156949962056e+01,1.389643615036119684e+02,8.755050594889365811e+01,2.654775592480139323e+01,6.897799465496220250e+01,3.377283623348730544e+02,-7.096391980704294156e+01,3.368747888402539274e+02,2.420025942331966462e+02,4.885006260712092399e+02,2.604769778228700829e+02,1.766969726135095016e+02,-6.859778803471104425e+01,-1.926751118510373999e+02,-2.373364963081695933e+01,2.341902918409411427e+01,-3.900048259696871611e+01,4.017736448823130502e+01,-1.308935326537978199e+02,-1.083085775236422421e+02,-1.626727943019808436e+02,-3.439620759696306322e+02,1.264484226885519291e+02,-3.547616537110723698e+02,-1.843596669026597965e+02,-1.890062461349924945e+02,4.922963764139660157e+02,-1.340557120227175147e+01,-1.334026589175956019e+02,-7.478008841357902270e+01,-1.210134628023866412e+02,-6.999263495924724054e+01
-8.394495391086468317e+01,4.021296921551207504e+01,-1.515057208199474985e+02,-1.995272437853146243e+02,-1.261072783851963237e+02,-3.536211697377995478e+01,-1.005575806813310038e+02,-6.235591671403452807e+01,4.294793278758615429e+01,-7.650100938898721381e+01,1.754362619486495234e+01,-1.191524796429687996e+02,9.636552618964928740e+01,-2.917244049683148432e+01,8.596564647861436015e+01,5.229808916361307070e-01,1.183633362463718868e+02,1.562407692305170599e+02,8.666483313512571840e+01,-4.023138836470884883e+00,-1.768299264980320231e+02,6.662772222612487383e+01,-1.281921001116627394e+02,-2.639896440446594994e+01,-1.055241426340471378e+02,-5.621257916276957900e+01,8.468171567471458161e+01,-3.100177966727433727e+02,-1.690317787711829283e+02,5.896149960745335505e+01,-1.058841064240126002e+02,2.141836744826989758e+01,-1.433175606350972764e+01,1.926164719612966962e+02,4.337939236051145286e+01,-9.708485427971375259e+01,1.558123876653251898e+02,-5.648344366064512201e+01,-5.257776947346931706e+01
1.082728014321490519e+02,2.029658912697968560e+02,4.980900840534522445e+01,-2.950947358999214316e+02,-1.850737423081651798e+02,-3.332841831445602310e+01,-1.742002376869916134e+02,-1.624779927453573691e+02,8.645849093881773229e+01,-2.183888230223367657e+02,-2.745367616382952747e+02,-2.013868027386717472e+02,-4.137072237545745423e+01,7.784061692237908225e+00,1.371194840194633890e+00,-1.394116869878567400e+02,-4.385540621356412316e+01,5.881100189010508217e+01,-1.488905649805508524e+01,5.028251626252917816e+01,-1.979316178814323024e+01,1.485352624253943361e+02,-1.246024893021668731e+02,-3.075350799867573670e+01,-9.440013681736529350e+01,1.070601752801231044e+02,1.940487107274922209e+02,-1.509309565030278009e+02,-3.243350255725295597e+02,7.196214395228132332e+00,3.299809798494980839e+01,1.255047868613289239e+02,1.555531365235750840e+01,1.138209451326662105e+02,1.566700626754978032e+02,8.385589378865105914e+01,1.736623079418553743e+02,1.760327881203533877e+02,4.680563773068150368e+01
2.237306651299773534e+02,2.322858644087534117e+02,1.018526484687855316e+02,-2.618942599483914364e+02,-2.481029160926029249e+02,2.596539470613505429e+01,-1.690151708548811484e+02,-1.250621215737717051e+02,8.791706993558253203e+01,-1.365599211456721491e+02,-3.540003330054961452e+02,-1.223626894944341075e+02,-5.057805738365070169e+01,5.065804973772735309e+00,4.033117841400298609e+00,-4.480305708052911484e+01,6.456530815458779671e+01,-5.505916493874528328e+01,-9.124785582314025589e+01,-4.708576893781095407e+01,-1.391075474627735673e+02,7.566141376273003516e+01,4.563678673536352193e+01,1.752845184176410243e+01,4.660367377856354132e+00,1.488760476530947869e+02,1.959678023177465889e+02,-8.700479540276971591e+01,-1.381910120650778424e+02,9.935462923069107433e+01,3.953649479787955556e+01,2.552278245916780293e+02,-1.087492408077316099e+02,-8.604470253027509230e+00,1.695508407594649043e+02,1.267442578473837642e+02,1.095961602947889588e+02,3.134629464483585934e+02,4.974487064939682313e+01
1.987121573679337700e+02,1.575188325405834462e+02,7.622389143590790894e-01,-1.364218545128525761e+02,-2.671370858554739129e+02,8.197703041897297283e+01,-9.986186375892695821e+01,-4.359783895669532505e+00,1.146880567490548941e+02,5.498771713730639021e+01,-2.271137287040929493e+02,1.559344182110810273e+01,7.686032707223475313e+01,-5.099574000528932505e-01,5.841160470424220819e+01,1.531393977762216991e+02,3.063060576905349421e+02,-1.434391442860067798e+02,-1.193689032850283809e+02,-1.505933050160558366e+02,-2.952888694160570822e+02,-4.920806789839873829e+01,2.375285167851921813e+02,7.314748445289150425e+01,1.624851386117686616e+02,1.038611868339053643e+02,1.312994864840131584e+02,-8.040240227212078139e+01,4.450784029866768776e+01,2.506391507401758076e+02,-3.408271948400214058e+01,3.288311027800882016e+02,-2.759097819489637118e+02,-7.039633016123985954e+01,1.340345665975998486e+02,5.911711691801060198e+01,2.048255015399079326e+01,2.785603985093047186e+02,-5.883712717118243063e+00
5.814679725044261716e+01,1.670512760049640519e+02,-1.195909441622561928e+02,-3.358759510209200272e+01,-1.173679429202136220e+02,1.029218455272875445e+02,1.015073826001350810e+01,1.239484889410189368e+02,2.418443485276743843e+02,2.087010961201272892e+02,8.097260098203707912e+01,2.229115042747335096e+01,1.281156810200310936e+01,1.532995581528324358e+01,3.780519914364799661e+01,1.271513222408155599e+02,1.458209444950363718e+02,-1.677443145710730619e+02,-8.735603194170812458e+01,-1.014069349466262651e+02,-2.771056732172883699e+02,1.078901213499508316e+01,1.702453862345365110e+02,1.123739366950504319e+02,3.372372821151043922e+02,2.553570797268702108e+01,8.310223333479835617e+01,1.257462847841029152e+01,-2.289121163327810962e+02,2.691424950212987142e+02,-1.967528380532286292e+01,4.178741613621473334e+02,-3.549518563793822636e+02,6.534723801712802427e+00,6.910597496499842229e+00,4.496227035664184690e+00,3.283853388545094276e+01,1.597459221568631165e+02,-3.064047106283102728e+00
-3.160948359957888343e+01,-3.082098865644775998e+01,-2.074937341199712648e+02,1.510349161971720200e+01,-5.957875901041366973e+01,1.722629471372160310e+02,2.775146053854139083e+01,1.588844331138749055e+01,1.725694863598058362e+02,7.197218773934773139e+01,9.836645432201559913e+01,9.178233816391789901e+01,1.367984728645278096e+02,7.286099787061475297e+01,3.994347935323320442e+00,1.061904544528007790e+02,5.682258815340252340e+02,-1.962153616893087360e+02,-1.217021735746142213e+02,-1.614088016258164657e+02,-2.621473288437988458e+02,-6.118697628619639062e+01,2.282440288746880697e+02,1.065614072162836266e+02,2.922542418582263508e+02,2.439864793759142714e+01,5.804305009336844279e+01,-2.054510263811194193e+02,-2.216352895730075545e+02,2.021511793584116958e+02,-1.261705883891356876e+02,1.014059237974163494e+02,-1.516611622748583841e+02,-8.297393962654672350e+01,1.211650447243823976e+02,-4.663100092517895945e+01,2.176701172834716402e+01,8.594852473767514311e+01,-1.703096671513118210e+01
-2.379666612197197395e+01,-9.267606353914283090e+01,-1.423684449184906953e+02,5.454884889796749903e+00,1.002424351911120652e+02,1.578892338314206256e+02,1.711402898943402562e+01,-8.008626002278582234e+01,1.246527519851048140e+02,-5.275489822190671418e+01,1.267959121916090766e+02,1.137116146887133112e+02,1.361979527093708953e+02,5.922962693454750394e+01,-6.333611700337796080e+00,-6.071659039759357945e+00,4.272600865691583749e+02,-1.174188536351657177e+02,-7.870057874411287457e+01,-1.470303666410001426e+02,-9.401032336586629867e+01,-3.034254742701331509e+01,8.366882680021294050e+01,6.624743164364601000e+01,1.501981325860899972e+02,8.695285247318526700e+00,2.738512869706780961e+01,-2.271817114516898641e+02,-2.276205205309979647e+02,3.611637359387859192e+01,-1.927707708705349603e+02,-1.365914492270633787e+02,2.254790207639635824e+01,-9.303398450838322731e+01,7.469859846888216737e+01,-2.549542057259603567e+01,-9.471820672971672295e+00,1.635002777790552955e+02,2.730443954487199676e+01
5.139246511006162876e+01,-8.868068494304839078e+01,-1.918663053147912967e+00,6.555369252150045156e+01,2.990424668557942596e+02,1.787375408953595581e+02,2.771873747082560868e+01,-1.277197898373792668e+02,7.980587439864886790e+01,-8.143838987262591900e+01,1.345674745743748133e+02,1.816279591819316579e+02,1.151918154976482356e+02,3.905908695941267439e+01,8.194216317437938812e+01,-2.187415241264138643e+01,2.580597008474349536e+02,-2.754604573384627741e+01,-3.829703513088969657e+01,-2.209106451466207659e+02,-1.013469514070896906e+02,-5.132035011702240013e+01,-1.180008499020426527e+01,5.569612057906904568e+01,8.190857727865210336e+01,3.612684528994775324e+00,-2.452796608842761827e+01,-1.010060237148910574e+02,-1.981770699780373093e+02,-1.228307805500893437e+02,-2.463929467617486466e+02,-3.093575474224478512e+02,7.681130323471678878e+01,-7.137466880096398825e+01,2.457771010547955992e+00,-1.129835716527613343e+01,-9.593480443727922591e+01,2.865048456105276955e+02,4.095804487737877508e+01
1.046390362844870765e+02,-6.411512487719738829e+01,5.851540293491375166e+01,1.934549971186671655e+02,3.900656032402295637e+02,1.959491275557481060e+02,7.964128625148369167e+01,-8.615436792369662555e+01,3.174620641103040697e+01,2.980680052480919073e+01,1.738971347469294813e+02,2.706289604125872188e+02,2.027073747662612959e+02,1.002869840339790031e+01,2.124768601769965244e+02,1.047668806177806005e+02,1.487966484483348779e+02,4.120430870858260164e+01,-9.134976362455461185e+00,-3.114655915881986630e+02,-2.392975553498611418e+02,-1.165934027905018979e+02,-1.532138993722087861e+01,6.165865723601883985e+01,9.576442513139716084e+01,-1.238683246314528530e+00,-6.266037632651352141e+01,1.139121783129478445e+02,-4.918564748051021240e+01,-1.405373048992093175e+02,-2.540083632010280894e+02,-3.316829715587032865e+02,-1.801447237059660367e+01,-4.670814172601743763e+01,-8.091102399546751656e+01,-4.426764447676859504e+01,-1.846589348806656687e+02,3.239525208396386233e+02,-2.295557254611464870e+01
8.740399402913224947e+01,-8.521262312492365254e+01,-9.406218210602744989e+00,3.191171205074816726e+02,3.163358698216146081e+02,2.356637496260841829e+02,1.442760645227348846e+02,-4.213703477583982959e+01,-6.394745067522183035e+01,1.105933079067552001e+02,1.703878217143617064e+02,3.058700396050969061e+02,3.322394087924221253e+02,2.077002457383045453e+01,2.883813405789294961e+02,2.633777292098483827e+02,3.735265065271491949e+02,3.950458925349597905e+01,-5.846286518274962418e+01,-3.931968783761172972e+02,-4.683535045640220460e+02,-1.941514406032426336e+02,9.505516966222418773e+01,8.370763750139390424e+01,1.593621247155852245e+02,8.318067423816615236e-01,-6.693947212550779113e+01,2.251171394652706681e+02,1.150759888782471165e+02,-2.078431060239654116e+01,-1.916763276137464516e+02,-2.890279896784870175e+02,-1.179096707561561459e+02,-6.557091547493220673e+01,-4.184851164422303782e+01,-1.162723960295527519e+02,-1.844862318596880471e+02,2.204067569993816278e+02,-1.695730618826598572e+02
5.910393706468450858e+01,-6.523350401301991042e+01,-1.012680758894505431e+02,2.676455473185067149e+02,1.650942803866429358e+02,2.002809999806959524e+02,1.650893468394129400e+02,8.357815881388694024e+00,-6.741301230368537745e+01,7.437905312093376153e+01,2.584638109272620810e+01,1.817637747644394892e+02,3.056733916599434906e+02,3.005436516716113715e+01,2.145673260966362648e+02,2.647061788045812136e+02,4.944121335973704277e+02,3.956881015779752175e+01,-1.007712646075811449e+02,-2.561599894360045369e+02,-3.965929856791602219e+02,-1.001099268937260547e+02,1.480914459870785151e+02,6.377873364681148871e+01,1.663762718556989455e+02,2.109312300914740135e+01,-4.680810817677316038e+01,3.160334187659939289e+02,7.994189981857060090e+00,1.317646051855388976e+02,-8.853061713366545860e+01,-1.802857825972100443e+02,-1.493592533262130360e+02,-5.823933992238915280e+00,1.445038732962036931e+01,-7.087012183038444846e+01,-1.084193627630161103e+02,1.054621422558010551e+02,-2.246201418921299933e+02
7.043194678989260638e+01,-6.493448607581221665e+01,-1.275447801165897346e+02,6.961379559673433448e+01,8.203649357943438858e+00,1.409159257381558348e+02,7.801452290385930155e+01,2.367427419531648880e+01,-3.633695864586513835e+01,-9.915191524777821996e+01,-1.949813531786439000e+02,-1.802915247020919054e+01,1.755809299346949786e+02,3.561431530690062885e+01,1.016245021037286023e+02,1.799418779517392011e+02,6.672686897419099523e+02,5.111194704874927197e+01,-1.226500557069226147e+02,-5.887129033641645037e+01,-1.882389206150426162e+02,1.777778521298627012e+01,1.683264880278780993e+02,2.230272253983799757e+01,7.666646850834838745e+01,1.389356193429626529e+01,-6.207346333838966501e+01,2.242260785558139276e+02,-1.262467910404208027e+02,2.175961464312236444e+02,-4.705730348558169851e+01,-1.670935644208878159e+02,-8.685909636793299171e+01,4.297888564771402287e+01,1.139211532507382003e+02,2.920283194761658763e+01,-3.540635854199867083e+01,4.153796365150397918e+01,-1.930010832220860948e+02
1.153294480226150966e+02,-4.175483795662641739e+01,-8.718426301804088041e+01,-2.009250549510796588e+02,-1.048755906692874049e+02,5.836040706802943845e+01,-7.535206117749476107e+01,6.903797135113197214e+01,7.582956061013913995e+01,-2.123648975100714154e+02,-2.998706532873368360e+02,-1.971607508371216682e+02,3.178008309999503211e+01,3.699979212123160721e+00,1.117676514664546872e+01,9.271627666064938467e+01,6.212057134479381375e+02,1.067388823514494192e+02,-3.289031760587224085e+01,1.495990085623120365e+02,6.420004689346309590e+01,1.329852614946173617e+02,1.109597260490238142e+02,-3.318979880120064507e+01,-7.630877939189394965e+01,-1.470572246599998145e+01,-8.953215291489456717e+01,4.375111070646531175e+01,-1.386495322189586261e+02,1.946173095272575040e+02,-1.057665166126423628e+02,-1.859627233883695112e+02,-3.625805322636271910e+01,6.251943825050032899e+01,1.057400469899943545e+02,1.380799644716232990e+02,-2.833017388226146949e+01,5.802605332898284018e+01,-5.105111529372695145e+01
1.222208184389549217e+02,4.653358173666233277e+00,-5.068519836048185567e+01,-3.919229613955669151e+02,-1.815627561412137254e+02,1.672836828738831105e+00,-2.033370334938586552e+02,1.287310242182025775e+02,2.202569901944773392e+02,-1.657284240685518455e+02,-1.624239329158983196e+02,-2.769776256696718519e+02,-3.086880906933969015e+01,-2.600984830715524865e+01,-3.471056845859067863e+01,3.707780277499401222e+01,4.392628077645207441e+02,1.602742545287847804e+02,1.297364444851924645e+02,2.607661653674157378e+02,1.560392638538667143e+02,1.966153349560753725e+02,1.217439955487507142e+01,-6.522096332223814841e+01,-1.777879361153707976e+02,-2.142992327366502892e+01,-7.309262358529672099e+01,-1.619657302957677700e+02,-2.031562224001834593e+01,7.465535572609019255e+01,-1.972591064528001823e+02,-1.687080882958329084e+02,-4.617811379578392916e+01,2.141815032856657552e+01,1.457959218706432303e+01,1.699464161677810239e+02,-4.585235901078110032e+01,7.322675580295518216e+01,1.205917861666725486e+02
5.890466440278699167e+01,1.996900398975465407e+01,-5.377535669876383650e+01,-3.738221222664405445e+02,-2.388698084390270253e+02,4.971336791707244851e-01,-2.445932484219091521e+02,1.025728341361960361e+02,2.563650664271991104e+02,-5.727554896468607382e+01,1.306949454716522894e+02,-2.296020783416745417e+02,4.697283936912049995e+01,8.103952710439599194e-01,-1.248927762834972022e+01,1.553846412547744293e+01,4.705942537485582875e+02,1.547680063002679560e+02,2.238270961203042475e+02,1.792502622838176478e+02,-1.271819483292661523e+01,1.490620802107289933e+02,-4.670614227930935414e+01,-4.560639288772681965e+01,-1.568956325226404260e+02,1.076838923247559165e+01,-1.113381391317135893e+01,-3.732120827231670432e+02,1.411834956293583332e+02,-7.112565533531927997e+01,-2.204475392920300862e+02,-1.329619895884846699e+02,-7.722396752601272851e+01,-6.832632757156966363e+01,1.577663804980206308e+01,6.806511791545574397e+01,-1.774977641458986710e+01,8.755407736142251096e+00,1.759917041746639939e+02
2.899960304582116954e+00,2.246802186215763442e+00,-9.913979123981104635e+01,-2.619988793949341357e+02,-2.986306862913023110e+02,-1.334719912875957526e+01,-1.782025166672795535e+02,4.465392123262995838e+00,2.129412845162020460e+02,3.435118620848135862e+01,2.309572718945728127e+02,-1.072501964818354594e+02,1.632466614144485675e+02,1.990658476336905380e+01,-5.022653698970359670e+01,-3.597264886740538792e+00,4.885242073127325853e+02,1.294254672065369789e+02,2.512709798712837141e+02,1.100538585702657883e+02,-7.151970863557775715e+01,1.334632670518350324e+02,-6.271267370174023625e+01,-4.275006096854695414e+01,-1.498004409683182132e+02,1.009601793737419229e+02,7.629422079796020739e+01,-4.161128245603717914e+02,2.064933886294814158e+02,-1.220382066748801861e+02,-1.924770921924528579e+02,-5.828579370551226191e+01,-7.201190996316096005e+01,-1.124847074329092322e+02,3.618946346580037954e+01,-2.922069485958769253e+00,2.211918427428726375e+01,-4.090977485988903339e+01,1.775673958634968415e+02
5.977732081464272262e+00,2.280099786079457402e+01,-9.181446873278127896e+01,-8.095325140497050143e+01,-2.083072642598677930e+02,-1.491952369641572673e+01,-4.848838678400295521e+01,-1.069219797193134696e+02,1.327616158408656872e+02,4.981867613288869023e+01,1.156646009943286373e+02,-6.211855708712936242e+00,1.094010996417475781e+02,1.624723641019881981e+01,-9.281261005459890612e+01,-3.360067357964550894e+01,3.536382717751238260e+02,9.951138800519760252e+01,1.926066093531325123e+02,6.061133789248955139e+01,-6.304116176041138431e+01,1.539467693841310449e+02,-1.089710722373326632e+02,-4.016539255838412004e+01,-1.353200770901029841e+02,1.348060416000900545e+02,9.862922315892932090e+01,-2.611277091095719811e+02,2.477399802648590565e+01,-8.550876708714737617e+01,-9.350600035388868037e+01,3.720658102286785152e+01,-4.660798119070575751e+01,-5.292654280012924772e+01,3.603360442069014624e+01,-1.117223482754820552e+01,5.350086106541395026e+01,-4.129880841097646282e+01,1.353063016293280043e+02
5.891199592561800102e+01,5.548347792787503607e+01,-2.666914646644659470e+01,1.147215581281201509e+02,2.471795353694071551e+01,-5.066628230656621490e+00,6.955704014335134389e+01,-1.535820159210594511e+02,7.038155298206699229e+01,2.636007290412167237e+01,-1.028692084548401198e+02,5.356572114666310114e+01,-2.760285612106373421e+01,-2.563877536911842725e+01,-7.250491432518019508e+01,4.756575632741446569e-01,8.037999377961099867e+01,7.448491390470425699e+01,1.102540080699754412e+02,1.323701274764464664e+01,-8.062155156250594246e+01,1.449486365709036306e+02,-1.770704368466781489e+02,-4.814412279439864051e+01,-1.399756717711641159e+02,5.608156438453728043e+01,2.730697038317351399e+01,-4.296189006217621653e+01,-1.842942120536807522e+02,2.002949940845213561e+01,-3.602061030762316562e+01,2.816469551236449931e+01,-3.200366247821742860e+01,4.078416270354615847e+01,-3.788048917600738008e+01,2.621486323816388975e+01,4.314144814469161204e+00,-1.411509360159595161e+00,7.850213820186773717e+01
7.048904651502027718e+01,4.840358280800481339e+01,3.207797290928237999e+01,2.663153161371176338e+02,2.692961527095471297e+02,-3.904211145446383480e-01,1.336432169930546365e+02,-1.012671550705495491e+02,6.697439675327294140e+01,1.908320346621396624e+01,-2.133925977567612051e+02,7.502903551639433033e+01,-7.901225903645486426e+01,-7.190789629177544384e+01,9.682219049058296889e+00,8.137926368415286049e+01,-1.834723358610259538e+02,3.463166866256686660e+01,6.015054070430056754e+01,-3.939790059874455608e+01,-1.792509354122746572e+02,7.994980739560031680e+01,-2.287772837811260445e+02,-6.975188891928982571e+01,-1.470873877582346836e+02,-8.685584529234647277e+01,-7.489114510632018096e+01,6.308242689986072094e+01,-2.221180661714903977e+02,1.365830300522554523e+02,-9.934087723040622109e+01,-1.386110805273198423e+02,-3.476821043479088758e+01,8.698340060402144047e+01,-1.660146239591934432e+02,6.279251659302895661e+01,-1.114192649050762043e+02,1.013296329788663996e+01,2.348373244050392827e+01
-4.583758232663077692e+00,-5.190840327265217979e+01,6.240326259044542212e+01,3.238940092945511537e+02,4.027049740019299975e+02,-1.627706100036522230e+01,1.694850803723545027e+02,-2.578107597793622574e+01,1.358396233440721232e+02,-1.455853036633225628e+01,-2.501253193382010522e+02,8.643280994696687003e+01,2.745921044381387688e+01,-5.304325367247622580e+01,1.084696491860919849e+02,1.180566755945578308e+02,-1.192148857167099294e+02,-3.829393666331682056e+01,2.946809318478148043e+01,-6.979355756934599242e+01,-2.363465795275382391e+02,2.402465761271268363e+01,-1.672166241046654989e+02,-1.020187681657689325e+02,-9.763780800894048184e+01,-1.412413307205332842e+02,-1.384837207946046647e+02,3.735558216143962085e+01,-2.594146708453003498e+02,1.926528098426451265e+02,-3.034006275059851419e+02,-4.879485378140596481e+02,-1.140770892387077495e+01,1.284943658110883291e+02,-2.048401865296472124e+02,1.073788755031861939e+02,-2.511295044897648552e+02,-1.877607436226930204e+01,-2.474530220939827885e+01
-1.448919762602794208e+02,-2.040639134105537380e+02,9.462692517426148697e+00,2.279371851080436784e+02,2.694378270789001704e+02,-9.617897226065261407e+01,1.540571658700858393e+02,5.231318377138599374e+01,1.767700702912752320e+02,-5.301932997988166818e+01,-1.888111670339932857e+02,7.666239580710004020e+01,2.163413565554144782e+02,-1.832943783932881843e+01,8.524211659537009211e+01,3.655991301635445723e+01,1.774651440963030424e+01,-1.102456703977615859e+02,2.105249706407624899e+01,1.513530736777097552e+01,-5.186132644667177516e+01,1.205938266491258126e+01,-6.477421931403047495e+01,-1.471323974265565653e+02,-1.092001406174806277e+02,-1.019385021923210104e+02,-1.149456035341851390e+02,-1.067732309311515735e+02,-1.059180411777659145e+02,2.155620970636272773e+02,-4.896034925202609429e+02,-6.576806552210377959e+02,5.123162322021246240e+01,1.191718447190936274e+02,-1.804695870003339735e+02,1.332984481836990369e+02,-2.832945711036558123e+02,-8.031353293052973186e+01,-5.362479667111569626e+01
-2.385573708525980692e+02,-2.464598006378692787e+02,-1.058913436415080067e+00,1.027415376028991290e+02,1.312096161441247375e+02,-1.059095656075074601e+02,1.599512974508233469e+02,6.888014681766317437e+01,1.631038494439782482e+02,-1.058391435800443361e+02,-1.258508539332012219e+02,3.327976557971113891e+01,1.195944455819732326e+02,4.698651658434777545e+01,1.261750421973203373e+01,-1.500816227144274535e+02,1.212491799500916301e+02,-1.595314092804612187e+02,-3.613341173013918706e+01,9.409961920651328171e+01,1.428378501674939116e+02,8.232781260137659274e+01,4.928688047743943201e+00,-1.182951026223132658e+02,-4.199350187412976254e+01,-1.793514844005439102e+01,-6.794706467480506262e+01,-1.306414878439473171e+02,-2.206057747290789735e+02,1.448654977347650004e+02,-4.653272814262145403e+02,-5.220170700484181907e+02,1.031627459346642013e+02,1.509545452012123690e+02,-8.183513273891175288e+01,1.186705405398949438e+02,-1.769974218335649425e+02,-9.549245325656531236e+01,-7.777880244468715887e+01
-1.830095024669928989e+02,-1.637046021471412871e+02,6.297901941860065023e+00,-8.954005733919897514e-01,-1.637265480444668597e+01,-8.197460374177185827e+01,1.163059846828629134e+02,4.161463878347166911e+01,4.296898248169689083e+01,-9.808231544269116853e+01,-1.124308618541695779e+02,1.721078907275997594e+01,-5.505035385504895373e+01,3.908262521799604627e+01,-3.209204468222346662e+01,-1.935567967324254539e+02,1.417508364946546529e+00,-1.299678666911406424e+02,-8.366376714665142345e+01,1.141270920003735938e+02,2.499192104364371403e+02,8.937537676432070555e+01,2.313609937522114990e+01,-5.353818324775150472e+01,-4.501692107557204281e+01,2.070126483476575885e+01,-1.785881336401832442e+01,-5.602771771366906961e+01,-1.714153306151684149e+02,9.679251791294653628e+01,-2.575026559025357074e+02,-9.943028226257568747e+01,8.532030440489356238e+01,1.217728472890091638e+02,-1.193462420885530229e+01,5.070309540804300497e+01,-2.838446977188846532e+01,-3.582548911858264518e+01,-6.625264481277422135e+01
-1.926947986673193114e+01,-2.979382176357237011e-01,2.076766381007917417e+01,-2.040664197990147954e+01,-5.921328331522700239e+01,3.016131022597065581e+01,5.062356212098762853e+01,-2.167661747910161552e+01,-1.145798152365259881e+02,-2.423652028360253396e+01,-1.146825663018144752e+02,5.167275918580660488e+01,-2.176983711595834450e+02,2.077742499726725756e-02,1.824453054073264724e+01,-2.157574371689582193e+01,-1.096583009273938956e+02,-5.954843164737543049e+01,-1.117219311678253746e+02,-4.380959860173819465e+01,-5.200932378135876277e+00,1.732267443114744676e+00,6.301444662285288700e+01,5.546317465803928570e+01,-2.772972000303828111e+01,1.457272015265744258e+01,3.191279405958915660e+01,2.014988191757862168e+01,-4.173379861673048907e+01,7.087143190160993811e+01,-2.188967601707877719e+01,2.783309804391628290e+02,3.590775873309848265e+00,3.033583402587065692e+01,2.622787143229153273e+01,-4.412717309102317387e+01,7.800997829882858525e+01,6.286767974722188512e+01,-2.729619625374949621e+01
1.149783043170490942e+02,1.053960145010619129e+02,-1.082958019604114419e+00,-4.540357002614050508e+00,-4.386775894684612354e+01,1.333762387795371467e+02,-3.782603962926071972e+01,-8.128456283862179532e+01,-2.189252715147405581e+02,4.654110364751459628e+01,-6.920638281142085191e+01,1.050280252311937232e+02,-1.922914839421699185e+02,-1.727004983604122401e+01,1.184994381285157061e+02,2.345360194613481610e+02,-1.896522517040157396e+00,6.904901808918665118e+00,-1.028086221190579579e+02,-2.921407147039006418e+02,-4.497580395836455409e+02,-1.421216033084427863e+02,1.749666913034442928e+02,1.544640525992682569e+02,2.615066563107231801e+01,-2.139008131011608693e+00,7.066714357217088605e+01,-5.343961462960282205e+01,1.151658379516830166e+02,6.728861482752715517e+01,4.093245797952311449e+01,3.274968532766836802e+02,-7.408480140097562128e+01,-4.841176184168569563e+01,6.688710812977507203e+01,-1.008002302131485379e+02,9.757929845479058883e+01,1.086829869135010114e+02,1.603866301225158963e+01
8.760751423552015638e+01,2.092494691651627647e+02,-1.275118149016241631e+01,-1.961941505410054276e+01,7.758590090904679926e+01,6.717358336310743994e+01,-1.173624840750040903e+02,-2.359878947352123291e+01,-1.294247279783788542e+02,9.666798865062416724e+01,2.120012659392687340e+02,2.222658996707212253e+01,-1.499762376428992923e+02,1.739572228339268722e+00,1.767547626231485367e+02,2.281901980457741956e+02,-1.255276508225798722e+02,7.646290500872979123e+01,-3.215389146074778637e+01,-3.557240190396412345e+02,-6.160782700239464020e+02,-1.463915281016282108e+02,1.350601746381785233e+02,1.996468288704797942e+02,1.655217539823123332e+02,-6.899177913594732559e+01,4.945533111015082994e+01,-1.241130817282273000e+02,-5.794956315914960499e+01,2.404315901914505815e+01,-2.782177522949519588e+00,2.249774193523121824e+02,-1.594640480095137889e+02,1.089616961716028527e+02,1.972813050854982109e+01,-6.923827738700441614e+01,1.010911440596332227e+02,4.186196904203787739e+01,5.996464399037109416e+01
-1.779311082452815640e+01,-8.288737142664348578e-01,-8.808403966950616848e+01,-1.344580339473310744e+02,2.772654866075876967e+01,-3.274964134159906592e+01,-1.515077320648450723e+02,7.301041128841946559e+00,-3.316820074190275847e+01,1.632468060269271959e+01,1.615069077166914724e+02,-5.394282972829345102e-01,8.190835440376007170e+01,5.288839042246386413e+01,8.937101339465748140e+01,1.386481422299708299e+02,2.593496506878561831e+02,6.996666194231065106e+01,1.657405233980250614e+01,-2.689222077790478806e+02,-3.865439062279039604e+02,-1.365275140219648051e+02,3.086601023718971533e+02,1.372375301884808891e+02,1.616629612854167135e+02,-4.799822643712079184e+01,-2.215696093726829830e+01,-3.488101545441908797e+02,-8.585059644124612532e+01,6.116017568976132424e+01,-2.975017389712014619e+02,-2.030420821908987818e+02,-6.868899545097252712e+01,2.536644252417871712e+02,6.644556885128011459e+01,4.575971616693165345e+01,-2.454180315877428598e+01,-3.562725131185575833e+01,7.818542667478315877e+01
-1.338843838613842934e+02,-1.548359976557836148e+02,-1.224230194603684225e+02,-2.276829468758427026e+02,-7.756370984019817172e+00,-2.005883788646527535e+02,-1.259581765227842425e+02,9.240359713758743965e+01,6.686830289614988487e+01,5.919504167832553065e+00,1.181411589997165095e+02,-7.382949159540406470e+01,2.061310770026400689e+02,2.906348469213961749e+01,-4.240047594489909244e+01,-6.951447343466384154e+01,1.196349664692099140e+02,7.553490599614342216e+01,8.547975398540967262e+01,9.760958867822608909e+00,1.655096426334392277e+02,-5.627514007551030062e+01,2.526178924700801929e+02,4.887895147958991160e+00,4.269133871888010390e+01,-1.005873829474965788e+02,-1.336249142071308142e+02,-3.143734576464017323e+02,-1.369856744909063906e+01,1.109798564928848634e+02,-3.903706549549790452e+02,-3.195395308780465484e+02,-1.187855663845950360e+01,3.928259558636526094e+02,-3.527755734169168989e+01,1.149754695756535341e+02,-1.341869304772142186e+02,-9.866202761362862361e+01,8.107039574258581638e+01
-1.672292380377526229e+02,-1.924752778014062642e+02,-6.881104058366641141e+01,-1.292948144144062610e+02,9.632350883348802029e+01,-1.699159637932280305e+02,-2.182768952599650536e+00,7.984804095717288419e+01,4.775580358434376649e+01,3.884461620022096895e+01,2.965506743062238115e+01,-1.030866963252472317e+02,1.201962254943167352e+02,1.353288455918314881e+01,-8.106880849468309691e+01,-1.945421846301325388e+02,-2.531071711904603561e+01,2.725556998806669995e+01,6.032382603554341927e+01,1.039615083896241572e+02,3.381592522769971083e+02,-4.618504791736854287e+01,1.153313740442353037e+02,-7.044032727772902547e+01,-3.363151152628650209e+01,-1.653878889676633150e+02,-2.168868739864963118e+02,-7.365732570491772435e+01,6.668580416098164676e+01,8.697115250820576193e+01,-1.845843468300723202e+02,-2.314699269259244545e+02,3.263213612372950223e+01,3.430807191838007384e+02,-9.977950211830679450e+01,4.803572993875961572e+01,-1.812182519458936838e+02,-1.289625117695207166e+02,1.828591814349409717e+01
-9.700383476958279516e+01,-1.244009728074398140e+02,2.433558591287898309e+01,8.202264482029853809e+01,2.599476691709639340e+02,-2.256964638483187358e+01,1.593031002801156433e+02,-1.066062906800337906e+01,-6.246942826101184210e+01,1.143496939675758171e+02,-5.384854941251328597e+01,-6.442553377898875056e+01,-3.545748603295121870e-01,-9.457479396810496652e+00,-3.984822123171349517e+01,-1.495601359205277276e+02,-1.336061387770510578e+02,-2.474697651407925747e+01,7.799530457108404313e+00,1.841757470480333936e+01,1.578871559747784943e+02,-7.657895509206244355e+01,-2.344141711550984652e+01,-9.180036135920705931e+01,-8.978044998408191191e+01,-1.823838061879357895e+02,-2.059192949663975583e+02,2.424454393894386328e+02,2.156023324663922835e+02,1.387281136065896803e+01,1.485147495329131004e+02,-7.515252452321458065e+01,6.772279172053293905e+01,1.203978366922815155e+02,-1.380635982233487482e+02,-5.767680060766286942e+01,-1.755942291399228168e+02,-1.149945580149013296e+02,-6.944411640873686054e+01
-2.176240405211600226e+00,-8.287544174898152960e+01,1.078195607293663585e+02,2.735495790211219287e+02,3.713820430721601156e+02,8.894450138385484195e+01,2.528793455488824407e+02,-1.136977739068979645e+02,-2.176380920597172235e+02,1.265993968977729480e+02,-6.123176566572809776e+01,1.476340358968233879e+01,1.304483875127711379e+01,-1.340116140524472321e+01,4.117458632194028212e+01,-1.273839293841936993e+01,-4.407638844483697582e+00,-5.316667896734755061e+01,-4.343719034680282221e+01,-1.425288629035464112e+02,-1.034620103778249103e+02,-1.266944617259593571e+02,-5.716706223649659790e+01,-7.072774367955103969e+01,-1.157780014713248846e+02,-1.616342429052704972e+02,-1.559062389300578673e+02,3.727367341762297315e+02,3.860332545064729288e+02,-6.789981282432955823e+01,3.471460038747772501e+02,-7.422044859636804404e+01,1.260161007062608007e+02,-1.300172496258820729e+02,-8.438748678679530713e+01,-1.105756118003794057e+02,-1.402169849852538732e+02,-1.093424831367230041e+02,-1.894566396024306414e+02
2.306112944807682297e+01,-9.571200238906087066e+01,1.477658570945010013e+02,3.035300440726648503e+02,3.834145145035931250e+02,7.713725350147591087e+01,2.240250573104836462e+02,-1.119052107870475794e+02,-2.904244262213267120e+02,5.952688105312326172e+01,3.761626699780676830e+01,5.190505316260924218e+01,5.794945601428901938e+01,7.964558754865801227e+00,6.145912487490602416e+01,1.836527400332720816e+01,1.618881543991485330e+02,-4.910106646319525225e+01,-6.097601840320572819e+01,-1.751383308750947947e+02,-1.180482423739464366e+02,-1.004493871934592448e+02,-1.891854070551932665e+01,-2.314661768224029004e+01,-8.054457851006105784e+01,-1.496054608599926041e+02,-1.373954474982338354e+02,2.819124572176830270e+02,3.659844644920182191e+02,-1.256686991221457959e+02,3.259703404290852973e+02,-1.806308356545942786e+02,1.855571679454397440e+02,-2.320903498207409541e+02,4.667439552621901022e+00,-4.908774860074385060e+01,-7.339253089932515195e+01,-1.282730995584478819e+02,-2.661344543181737663e+02
-3.191247787334443586e+01,-1.466262701086265281e+02,1.280486843278111735e+02,1.632240886676796947e+02,2.859715561841233011e+02,-1.045976389234142978e+01,9.533622604737449535e+01,-2.219324606849664150e+00,-2.427480774384936808e+02,-1.938598255802145331e+01,1.400929607621954176e+02,4.879931723284869349e+01,6.343834119411263828e+01,2.988162454133370005e+01,2.211266005786641742e+01,-7.766584698549921484e+01,2.159707352841799661e+02,-2.798899071216752787e+01,-4.519406828693541911e+01,-4.148981098673238677e+01,1.187382723021418514e+02,-1.424320404836091569e+00,4.123752496263711720e+01,2.655746422079151614e+01,-1.089941328612900051e+00,-1.610435063492552672e+02,-1.710916198987161181e+02,1.123417874282358184e+02,1.594873471576757424e+02,-1.184355695439219858e+02,1.712191510387470430e+02,-2.830086402511140022e+02,1.926165687747508173e+02,-1.833166407344485833e+02,6.344370108054880575e+01,6.832119433365362227e+01,-1.017629814022832235e+01,-1.374206676529693425e+02,-2.395814689584990163e+02
-1.068583000485896974e+02,-1.849353628651493295e+02,6.122939934118860350e+01,-1.678622221721924035e+01,1.191813029703289430e+02,-2.869456250163263178e+01,-5.106523004302921009e+01,9.648689985888488252e+01,-1.437520644429261836e+02,-3.955051235178270019e+01,1.521389350493735719e+02,6.018319635268689183e+01,1.806996728384870821e+01,4.342195624979986945e+01,-7.538564980937680460e+00,-1.765803139547378464e+02,2.382115523354187019e+02,-2.700771407136226188e+01,-3.640861906872083864e+01,8.773509494472610015e+01,2.557600548553093347e+02,7.525479443035085581e+01,9.795637215792331176e+01,7.173202209733413781e+01,9.140475858187600977e+01,-1.541967625651513742e+02,-1.973622774611388024e+02,5.278492655804893907e+00,-6.236300485750054179e+01,-5.644673826932128691e+01,5.301611420385771112e+01,-3.163351780084091160e+02,1.382210275635117398e+02,-1.396904073879922805e+02,9.045089030150244014e+01,1.225850246670332240e+02,3.473730612644222049e+01,-1.139595527277837164e+02,-1.202051460304126635e+02
-1.278041924869312140e+02,-1.375412082130342242e+02,-6.387545721197093407e+00,-1.242387706453825871e+02,-6.193988739108437613e+01,-3.070387305373863285e+01,-1.580473009687190142e+02,1.238276164010476492e+02,-4.533956811369618833e+01,3.959645990641874391e+01,1.498677048480832354e+02,8.110808607407543036e+01,3.677510263891689846e+01,3.921843455950538626e+00,1.823365111723448706e+01,-1.795749495875668629e+02,7.724672463394129807e+01,-6.825665243100597079e-01,-2.025191055387977279e+00,1.616946281675326986e+02,2.425889843936137140e+02,9.816501957569522574e+01,3.992359077598415240e+01,6.440063038950277985e+01,9.584173789791012155e+01,-1.170814842724850138e+02,-1.666931137227244335e+02,6.127470055005093030e+01,-8.499018828208062359e+01,2.739216072147315018e+01,5.957405170223525204e+01,-2.320240364512571318e+02,3.343692137627045469e+01,-1.606510552850818385e+02,2.681365073597308779e+01,8.793773698720788445e+01,4.997583082307628644e+01,-6.920801316685822258e+01,3.431465188187070936e+01
-9.477827538831390086e+01,-6.260001120357389226e+01,-3.017081798925253366e+01,-8.415863884152616947e+01,-1.628869094459053315e+02,-1.982762940571485544e+01,-1.892215234036895595e+02,5.875949416201486031e+01,-1.643647187640747731e+01,1.048611794508957615e+02,2.292390260698865632e+02,8.668570970850768731e+01,1.069765415306248855e+02,-3.346000529851544059e+01,7.051928577660834208e+01,-1.002831826245801636e+02,-8.684673625068519698e-01,3.466522585531779299e+01,1.737075577383737368e+01,1.022030753215394299e+02,4.161332436673836810e+01,3.841372153546357282e+01,-6.901875760140535476e+01,3.313218776199543925e+01,3.710608085552168234e+01,-7.808459777110834921e+01,-1.123183374393231446e+02,9.051165936950090440e+01,6.866967050436551290e+01,5.685648446952391311e+01,1.167750907764860813e+02,-1.802989063213979364e+02,-9.088478310960983464e+00,-2.482319708768460202e+02,-3.238975741009060272e+01,-8.735422263400202780e+00,5.593730211879517356e+01,-6.750646163101292530e+01,9.069262195119254955e+01
-3.356523026169256951e+01,-4.015972710565090864e+01,-1.066612117761198952e+01,-7.246987278039038749e+00,-1.496499141282202174e+02,-3.576715116757436874e+01,-1.437578508832335160e+02,-7.716868085299002367e+00,3.587289656775842417e+01,7.319903247546199054e+01,2.621968447423083717e+02,5.850372827240794038e+01,1.510995896914827483e+02,-3.383610360883010770e+01,2.337665412470421700e+01,-3.966427500419580099e+01,4.430688875260907622e+01,6.250364926524029840e+01,3.544868859567441177e+01,5.647161832874768095e+01,-2.245737718487209733e+01,7.415327469860090837e+00,-9.560959527048508733e+01,-1.595303005872553470e+01,-3.989430857412093445e+01,-2.383938444766663523e+01,-7.973661463633405333e+01,1.884923498960737120e+01,1.152491270268914860e+02,2.387576113782637677e+01,6.085608502823275501e+01,-2.726922673371581709e+02,7.946564324037002791e+01,-2.644790600145397548e+02,-5.577311532954293938e+01,-6.711672287391742486e+00,2.023785929792799010e+01,-7.776706116930135693e+01,8.299256691176637446e+01
-2.924276312558350099e+01,-8.084662828378354504e+01,-4.861430681052727465e+00,4.088170772027689281e+01,-5.873079200598805016e+01,-1.109287432598424203e+02,-1.017260107730609917e+02,2.471912314684505674e+01,9.147580953144037608e+01,-3.037243213385762530e+00,3.583790568979432010e+02,-2.420509185180157896e+00,1.839684682692472677e+02,-3.134230412383941911e+01,-7.627605963849916293e+01,-5.107380029646527930e+01,-3.380769975954888196e+01,6.336923372013012568e+01,4.995517858724693383e+01,7.435700826048595502e+01,1.129573056269900064e+02,-1.028252558231844205e+01,-7.884150643593496000e+01,-5.234838598722330261e+01,-8.847792108212685491e+01,-6.445044813647994886e+01,-1.143809736474075294e+02,-1.462110801612976445e+02,1.373067215595209234e+02,-4.989294485202059981e+00,-3.821525263206805789e+01,-3.633365077904866780e+02,1.802817005627677531e+02,-1.808905133115496540e+02,-8.001240336805763320e+01,2.717766396579680332e+01,-1.113156779428364018e+01,-1.099077214354341407e+02,4.874928489713690638e+00
-9.952017911932158256e+01,-1.671893956393114138e+02,-6.697153224165631968e+01,2.819804000768483121e+01,1.624990974692923373e+01,-1.030609925337203236e+02,-1.011870974040269999e+02,1.010940361809032311e+02,1.020518666685642586e+02,-6.171529711239347193e+01,4.099797658434708865e+02,-2.961251209948653340e+01,1.813622136250577626e+02,-1.614219817057903228e+01,-1.584259359651804573e+02,-1.025122651064104247e+02,-1.124222656510804939e+02,-2.790411021288529270e+01,1.067469383988333398e+01,5.175253595053269606e+01,1.629997548620918622e+02,-7.195540486595781715e+01,2.753572181406962827e+01,-3.613351399360632143e+01,-5.437153976549657131e+01,-1.365822391305945018e+02,-1.461638955220583966e+02,-3.104389501991219049e+02,1.904109469999320936e+02,1.002368873663420601e+01,-5.214262314552659916e+01,-3.536772701964197836e+02,2.187278287911998120e+02,-1.072624519445820255e+02,-5.024533034609367377e+01,8.225505954741004544e+00,1.191811370899626787e+01,-1.389625103230258105e+02,-7.121016771040002880e+01
-1.543223302751319181e+02,-1.690654700237894588e+02,-1.277580100639197838e+02,-4.395645141436993697e+01,7.166442421936157814e+01,-1.756982132521489604e+01,-9.329769194099829122e+01,1.385628826260234803e+02,1.136178389338819841e+02,-2.652286843252549531e+01,3.094092641605511744e+02,-1.760404125740790349e+01,1.133196747449613468e+02,-1.279015776096809809e+01,-1.415625261737387177e+02,-1.394665760624152142e+02,-2.708773417935212251e+02,-1.348526676799172037e+02,-3.365287047448072144e+01,7.955955576789001782e+00,8.652009628546211673e+01,-7.535184948146330441e+01,1.178755374898522774e+02,2.535458309128308052e+00,5.940250245041758603e+01,-1.136911727341445300e+02,-9.746315394652512509e+01,-1.861388627567804122e+02,9.134015961919642734e+01,4.202090460120380300e+01,7.083804566209147424e+01,-2.055931221807537952e+02,1.266150904151086394e+02,-1.034311731253948530e+01,-3.067985623881813950e+01,-2.423064770769811460e+01,6.091435426663909425e+01,-8.650178563760547945e+01,-5.290426452446067174e+01
-1.219598462547724722e+02,-1.095409931488543265e+02,-1.516220597117099089e+02,-1.045479786281081687e+02,-1.101313252917887509e+00,4.899168924443903705e+01,-1.039436019525582111e+02,6.761457073025150066e+01,3.235044880037870740e+01,4.342108720168226910e+01,1.368282696652164532e+02,7.844415194714507322e+00,1.221125087572433046e+02,-2.839051313092085138e+01,-5.043441014818988322e+01,-7.248573986736585084e+01,-2.890545092494273263e+02,-1.659629750003925892e+02,-5.040077015848723363e+01,-5.846081849216138693e+01,-8.684317964747106089e+01,-1.094890362707003248e+02,1.375974214663874307e+02,1.990519640328248130e+01,8.239492387690241060e+01,-8.097998690708731573e+00,3.055050385882162445e+01,3.240172923612936184e+00,1.841147935787131757e+02,5.996278493488791383e+01,2.287410459367867190e+02,3.493071025548950104e+00,8.647209496062844281e-01,-2.039670487075270344e+01,4.652367530947693730e+00,-6.032076631578061665e+01,1.192489632776943154e+02,-1.923740250021850784e+01,1.512213734697713541e+01
1.410188237472680584e+01,3.329421115904536776e+01,-7.145503729090185630e+01,-1.237607315364131324e+02,-8.376020063375541724e+01,-6.561576727097651052e+00,-7.869712032537684365e+01,-4.597126666628065550e+01,-4.748748165700578117e-01,8.344087069460060491e+01,-6.323949365701197678e+01,-3.874976795955566899e+01,8.064143757513971877e+01,-3.654621008420679829e+01,-2.275209449451980959e+01,1.590542556440582089e+01,-2.872426449218574476e+02,-3.847960735029435142e+01,2.492439602152353473e+01,1.080961963804196913e+01,-8.200870773527704216e+01,-5.302422316610740438e+01,2.524509457009570568e+01,-8.150571266676447379e+00,-7.232783159089420266e+00,1.313027880211458864e+02,1.661734349703837950e+02,1.579959929411234612e+02,1.987414599297625273e+02,-2.130086690670289684e+01,2.607887362336653041e+02,1.506866367700822593e+02,-6.146948451162458582e+01,-4.116000232079554166e+01,-1.474929772690780361e+01,4.356021112573070297e+01,1.302441364874808016e+02,5.845635991798364017e+01,1.524892334174535904e+02
1.684306182547624928e+02,1.368198053371390586e+02,7.655549877193877251e+01,-5.099483433891170847e+01,-7.080696310373537017e+01,-1.356891310207886363e+02,-4.836930965470245702e+00,-1.525233630981758779e+02,4.907565760305360669e+01,2.922219676784633080e+01,-2.538821641880585105e+02,-1.047691592608940283e+02,8.366477126655405883e+00,2.578898428061727088e+00,-5.653881800195127028e+01,1.129302334382711592e+02,-1.113573465680254202e+02,1.822675195027830739e+02,1.340327683961422167e+02,1.482093141412202328e+02,5.297115862844370326e+01,4.559966714103611451e+01,-9.339238622678720958e+01,-4.584244261238038121e+01,-1.252427967966162470e+02,2.060998485965712916e+02,2.112143307387949847e+02,1.189085543829800287e+02,6.445042594544896986e+01,-1.763996591489668049e+02,9.007935491166291797e+01,5.036795432307221176e+01,-2.348242953813961975e+01,-4.792357659499875666e+01,-3.023481123825481021e+01,2.403447706317762993e+02,5.322228890732672824e+01,1.299429389859358537e+02,2.662569955130795734e+02
1.966365883544378335e+02,1.390237003066517048e+02,1.591377026377722075e+02,8.631956196131916670e+01,1.080238996814443375e+01,-2.501804599175332839e+02,3.429606494983242726e+01,-1.779456427975030977e+02,1.264437653303939300e+02,-6.218766167832647085e+01,-2.671103511093700718e+02,-1.214961847665813508e+02,3.862817379100010218e+00,5.538445063313121608e+01,-7.989302089232819526e+01,1.714169765219238855e+02,3.598681743100727459e+01,3.492949131795685389e+02,1.942331920199662818e+02,2.361756827886438259e+02,1.422725788871727559e+02,6.217414721106519693e+01,-1.705524528063857872e+02,-5.826599505090024422e+01,-2.045716589511520738e+02,1.239403403060905617e+02,1.491705188342314159e+02,-9.096783940524679224e+01,2.473814144535364790e+01,-2.767031016398032648e+02,-1.061048729885291664e+02,-1.411653302217052328e+02,3.131972367330165241e+01,-7.809014265423418522e+01,-3.458178963914676984e+01,3.386640871072431196e+02,-3.256695401590666705e+01,1.385873492893756804e+02,2.769228170863009950e+02
9.030217249342103969e+01,9.089163829538452433e+01,1.390578757083621042e+02,1.682080276257078140e+02,1.376479654600238689e+02,-2.365907917844822350e+02,5.335410226562207470e+01,-1.092177124553326450e+02,2.225157094422774549e+02,-8.730684008861084067e+01,-1.807550261851926336e+02,-3.830312683297893273e+01,2.097865323800372650e+01,6.530645554689571952e+01,-1.936556550747733851e+01,1.703930713788329285e+02,-3.584156203295423637e+01,3.573715210101792081e+02,1.683492933131547034e+02,2.199037999870002125e+02,1.200531594772518247e+02,6.739272348987400107e+01,-1.587829563342430390e+02,-4.072189719997007273e+01,-1.376791455703971963e+02,-6.013316628818559550e+00,5.763753594888181908e+01,-1.284240921368636066e+02,-8.362829035761059515e+01,-2.220278322294580846e+02,-1.919532096223457813e+02,-2.374831582178824760e+02,-6.084513408565366710e+00,-3.010089991435280155e+01,-7.725516402883077660e+01,2.877822463781187707e+02,-9.406850588317439588e+01,1.512800720183201406e+02,1.977307441819205565e+02
-5.435805448687087704e+01,-5.284741403486398781e+01,5.895743297372482772e+01,1.700928742594829259e+02,1.877169388442910360e+02,6.260497526069171315e+00,5.217429505225076980e+01,-6.487906129894405183e+01,1.665439215306686265e+02,-1.182637895332873228e+02,-1.851759145157871274e+02,1.409080160516153342e+02,6.512585431208717068e+01,7.001836782112359003e+01,1.270175820772894610e+02,1.730802151099936452e+02,2.267081480170170096e+02,1.489745092672196165e+02,-3.006632689178671214e+00,-3.102398283474661511e+00,-1.293184496320243966e+02,-1.724938622646638819e+01,9.245963505290592366e+01,1.623364475956995534e+01,6.644252212373528721e+01,-5.373420504939880260e+01,-1.486211169944581201e+01,-4.859470347577548921e+01,-1.920316990392265666e+02,-2.885994733187131089e+01,-2.033090751792070421e+02,-2.955256194002661800e+02,-3.978946827698905508e+01,1.604574998184704882e+01,1.264830026603203628e+01,1.042087483248711948e+02,-1.242708536596467894e+02,1.433577262097874723e+02,1.699082458205467105e+01
-1.488281440221983019e+02,-1.268490723523754866e+02,-1.894183664326052252e+01,9.910548587382574226e+01,5.171608362050257313e+01,1.647941696171277499e+02,-2.158344382600622069e+01,3.342576085103737427e+01,-9.121923312476860701e+01,-8.930445815301115431e+01,-3.061122659671786206e+00,2.094496096783758787e+02,1.764504206470234919e+02,-1.806620691792922528e+01,2.484781010768955127e+02,1.698908082143081515e+02,2.860709900695459851e+02,-7.166757308206229027e+01,-1.452200892134037531e+02,-1.670703993658754598e+02,-2.241794493809034350e+02,-1.588322918040323088e+02,2.370024682056750578e+02,4.088018836279670154e+01,1.704304145095926515e+02,-1.446952179462461459e+02,-5.749063835377816645e+01,1.331778541715413233e+01,1.017842843206538817e+02,2.157067620916426733e+02,-1.323154839928146203e+02,-4.729461432647926955e+01,-9.069714074115447033e+01,2.385080660930215757e+00,4.893964517156352656e+01,-1.257214793459484383e+02,-7.198499892746939111e+01,4.038614119032735061e+01,-2.022608606792010448e+02
-9.157465840770925070e+01,-5.341112306123846309e+01,1.674835492189854946e+01,-1.963347677938504177e+01,-5.854124874977190984e+01,2.317821203598935540e+02,2.292644071805959172e+01,1.328548813998401954e+02,-2.500673045809489281e+02,-4.979619479547179850e+01,-2.316968572619484945e+01,1.284312757391059847e+02,4.129214203087521895e+01,-8.196246632679461186e+01,1.786589126576889157e+02,1.431872695137177800e+02,3.010181033567145050e+02,-1.826581275116474217e+02,-1.642700977913982001e+02,-1.202691595496049928e+02,-5.287588800188607507e+01,-7.722417751063393609e+01,3.106852759235635517e+02,3.769302567146709748e+01,2.404131485755869448e+02,-1.189733995528548292e+02,-2.234107055597619862e+01,1.094775756932717741e+02,4.911844538094969437e+01,2.853287458265658643e+02,-1.679723659392149102e+02,1.768976790879178225e+02,-7.048650621499096758e+01,3.417800663400186778e+01,1.122860939595344121e+01,-9.541033323120585408e+01,-5.034155617651176584e+01,1.200719424806823277e+01,-2.279231394238005919e+02
6.931244294632547209e+00,7.758103393170181050e+01,8.847532045194911632e+01,-3.713837029740514595e+01,-1.257872626164350294e+02,1.284893549902443510e+02,9.601006130179852960e+01,1.917766963336185881e+02,-3.050612325538777441e+02,-3.780081776759111989e+01,-4.262547180750685527e+01,-2.210811455355078081e+01,-7.969594154029606159e+01,-8.625358077342835372e+01,4.730814712814715506e+01,1.424151826890886241e+02,3.075960264336205228e+02,-1.533958970211327255e+02,-9.806540838500808377e+01,6.515675221460147881e+00,1.436790258455654907e+02,1.393612992173879839e+01,2.432884124322268917e+02,2.125635721015938984e+01,2.029413261319402579e+02,-1.037795080110050776e+02,4.543344113844447207e+01,2.647707887095618418e+01,6.769574356273892590e+01,1.649878524994245197e+02,-1.906148460502101614e+02,2.700987538157847894e+02,-2.161150135606192890e+01,-1.356313855589694306e+01,-2.051193479900813088e+01,2.610565905932515207e+01,-2.109043560411021190e+01,-2.147666911900272879e+01,-1.291659335579727497e+02
5.469202419163499229e+01,1.840871123417172441e+02,1.368601063487799649e+02,4.182181822291935447e+01,-6.826940731449241184e+01,-4.880070517216944381e+01,1.882482696085538976e+02,1.847286626887770922e+02,-1.646988021905949893e+02,-4.899095996845790779e+01,-8.813741951349042836e+01,-9.979407539764726209e+01,-1.142194730744999731e+02,-2.883310647944088601e+01,-2.552481208753729192e+00,1.369353436601367946e+02,2.537454040246075806e+02,-5.435180141254774355e+01,-2.455039126974810060e+01,8.633825333009581016e+01,2.091763306096627275e+02,9.004516048750174662e+01,9.088161140673010152e+01,-1.426069493396004528e+00,1.354738815013243141e+02,-5.782374204624458969e+01,1.111370093836567321e+02,-7.113091758297047207e+00,-2.997799604046381461e+00,-4.794271197517497995e+01,-1.058987788325393637e+02,1.659587433624593302e+02,-1.775886634961196364e+01,-2.424302605613858574e+01,-3.122834833446182756e+01,1.224259509451096193e+02,-7.428201682176882592e+00,-2.121608944712129485e+01,3.360966830237089908e+01
2.206026071246532894e+01,1.470053425752188900e+02,6.861225377320208452e+01,8.510579732838711209e+01,-5.048468788844883903e+01,-2.301856379751349664e+02,2.267026876606136341e+02,1.610283519221925701e+02,4.344903193525517082e+01,-3.977794884016454802e+01,-1.325361699849570982e+02,-4.530854060561239294e+01,6.389430149917444623e+01,-1.585094824010158909e+01,9.257298422672580074e+00,1.135030678513500533e+02,-1.025802933521716476e+01,3.262842768369223734e+01,3.450144933175431561e+01,1.240009435065747567e+02,2.693043969598600711e+02,8.987623250022153343e+01,-6.886143033814957448e+01,-7.339250929278946955e+01,-5.785928071764822533e+01,7.852978117784597423e+00,1.289279979826691545e+02,9.537296176316404228e+01,1.447206765378447813e+02,-1.267722007062797900e+02,5.542009677799240563e+01,2.327499938476121599e+01,-5.390773835184983653e+01,2.289019024677566350e+00,-9.125617521198269344e+01,1.065099656057456343e+02,-2.968174293868982261e+01,-1.227537307110689824e+01,1.651848617227575460e+02
-6.531071705550216677e+01,1.429412016990703549e+01,3.501321907137410872e+00,1.493406055499506238e+02,3.705444901836552418e+01,-1.868778906679925740e+02,2.501232755864233752e+02,1.022429179757160256e+02,1.217190313427006600e+02,-8.236931028197838600e+01,-9.853601960837022489e+01,1.808852645188842345e+01,1.059326945697746822e+02,2.620014271770051195e+01,4.655492972448548272e+01,-2.799424660782771923e+01,-8.330792830100284618e+01,-8.424900453192655903e+00,-2.959401356709519959e+01,-6.939492927405026990e+00,9.398961146078013940e+01,-1.047842556358883925e+01,-1.400157103799909351e+02,-8.330131974877545531e+01,-1.314623451824187441e+02,2.980461712939754904e+01,1.686860651455661042e+01,2.417473390347253428e+02,1.298927968997970765e+02,-1.224526332394426618e+02,2.444790243290664193e+02,-9.890226461686893344e+01,-3.977170959683077456e+01,6.934038010888210124e+01,-5.345264807828269227e+01,-4.021461433868621071e+01,-3.413323235553593094e+01,-8.369818239593239184e+01,1.354839772165145462e+02
-1.106766724908842718e+02,-1.106230948298132972e+02,-4.461037539773492711e+01,1.527134312760917965e+02,6.569613044975318417e+01,-5.089768417844646109e+01,2.551767763136099632e+02,8.068766374638215666e+01,-3.675724041060608016e+00,-7.833281427270354413e+01,-7.590610315200532199e+00,-1.587483095197681138e+01,8.823333106974118323e+00,1.988166310548896121e+01,-6.157026055598337422e+01,-1.946476118655154437e+02,-1.776341478358754102e+02,-7.896302242654215320e+01,-6.667412770661206878e+01,-7.630780545337147203e+01,-9.273736531107873660e+00,-1.071279005937130506e+02,-1.419774650419439581e+02,-6.389858228734360779e+01,-1.715028112012806218e+02,-3.844297162091017128e+01,-1.463132831292778349e+02,2.716812600527671293e+02,1.766757607246160831e+02,-4.439817600691319655e+01,2.924749337274519121e+02,-3.938010700884622395e+01,3.344548231448154496e+01,6.855963100971305835e+01,-4.222156278132074192e+01,-1.406833848443789066e+02,-3.152346166574923458e+01,-1.891436421009298670e+02,4.448582763269138951e+01
-6.548429658380031526e+01,-1.173205218710939732e+02,-3.928106691531684902e+01,1.064200781020857249e+02,7.150601245901695791e+01,3.481257944530461401e+01,2.595980527006682905e+02,6.621990728068925591e+01,-2.006652764276977905e+02,1.354203381144554541e+01,2.210413684756412067e+01,-1.196232561986786038e+02,-1.517371258256764577e+02,-1.307876315815358836e+01,-2.482898527333131824e+02,-2.560889485957382021e+02,-2.951055116340287441e+02,-6.915467675897654942e+01,5.993788237193942159e+00,2.359404424870302108e+00,3.080991512922554421e+01,-9.511154393079203828e+01,-8.038157038461461923e+01,-2.747698481508011170e+01,-1.370673804361879604e+02,-1.319948930543915253e+02,-2.340503304213526405e+02,1.896192539740940504e+02,1.814994283179888441e+02,-6.791970186396785181e+00,1.807748751153809224e+02,1.224796887008673423e+02,9.257150985164946633e+01,1.064426790044187143e+01,-5.952196312555656732e+01,-6.401536254982411833e+01,-3.491109823059975525e+01,-2.173273646506529815e+02,1.698808263610634484e+01
1.895125321279969910e+00,-2.892810772177148948e+01,-1.810411450958060442e+01,6.460876882617357353e+01,7.756390996827482809e+01,6.050453978244326692e+01,2.142192139685608083e+02,-1.392779547037568122e+01,-3.227480723500446516e+02,1.300282029754377788e+02,-1.630920223747881792e+01,-1.610993477159706515e+02,-2.431707313160780473e+02,1.032395819038602447e+01,-3.250141328474026068e+02,-1.756657787299804170e+02,-2.129469616710241837e+02,2.186499351517234846e+00,1.080968927675871782e+02,8.809504135345646603e+01,-1.002169013873914416e+01,-5.666152568397759381e+01,5.096710273599033059e+01,2.985380176214376391e+01,-1.678015527481573343e+00,-1.580337305218045003e+02,-1.646798680731818365e+02,6.630487395213824797e+00,1.585996706151597664e+02,-7.885270146254342194e+01,9.564418676080782689e+01,2.635044483059847380e+02,1.008371902861406681e+02,-1.000881034864768964e+02,1.447145835758367483e+01,9.412403856668980495e+01,1.436469602981448546e+01,-1.704810997415593192e+02,6.456766484446669097e+01
2.686168020443031779e+01,7.193022985500715549e+01,-2.329471270594110166e+01,7.514093942368049284e+00,6.135080970474639628e+01,-2.074104066482691877e+01,1.009513751918634341e+02,-1.131612799508146026e+02,-2.588219627064959809e+02,2.409788739575678562e+02,-2.459315941780466375e+01,-6.275360041897693719e+01,-1.281316739697082596e+02,4.162491790428209981e+01,-1.751948093478423516e+02,-1.788975903058587136e+01,-1.680520210829707253e+02,1.148222861713948930e+02,1.933861023914398061e+02,1.555743088988728857e+02,-2.005157249817065335e+01,-1.673262142498928640e+01,1.067354184530601628e+02,3.271102829434171611e+01,1.057872309128303527e+02,-9.583292112485985115e+01,1.412670725820646567e+00,-6.587358253007590747e+01,1.882721631981842449e+02,-1.722874850367285831e+02,1.736441158391153863e+02,3.574220604282745626e+02,1.426710797101766381e+01,-1.354268725663573036e+02,8.115616857612442914e+01,1.719673703568296901e+02,8.784884416784295524e+01,-7.885627772082690967e+01,1.033084325191940280e+02
-2.672969402592897836e+00,7.398005131777972565e+01,-2.526003092023075425e+01,-4.596445219174733410e+01,5.484767549620745086e+01,-4.727316573340453232e+01,8.621769410824899893e+00,-1.893506416955978580e+02,-5.495098821293604630e+01,2.361175169026471963e+02,-3.453859435361636798e+01,1.057222762822958089e+02,7.135314576861803815e+00,8.872523360229548928e+01,6.446829651834828212e+01,4.804533123597568789e+01,-5.526908813794817377e+01,1.492681103659645316e+02,1.662034427092557394e+02,1.488856128171669297e+02,1.536460605047002126e+01,1.710877285634450118e+01,7.654685329180246356e+01,-2.029520283697642924e+01,1.486752442367794629e+02,4.213087846326575203e+01,1.152894686185280335e+02,2.786135904434951982e+01,6.076459856807450421e+01,-2.381928806631820237e+02,3.586166329686006407e+02,2.901139437155112546e+02,-4.080960017994602396e+01,-5.048938575801577144e+01,1.359436749992079569e+02,8.787875793373110866e+01,1.250151297491837568e+02,-1.782806045275590989e+01,4.242669847397291250e+01
-3.768977136020345142e+01,-8.880880357097260003e+01,-2.156365577440969794e+00,-5.066896559546347589e+01,-3.443951836469464212e+01,-5.137645516079884800e+01,-4.818277274644501063e+01,-2.062915111019741516e+02,4.390521598577416285e+01,7.764802003527643137e+01,-3.359458755799876428e+01,1.999575211937027461e+02,2.232181139359786926e+02,8.557319097795745222e+01,2.046850390161680195e+02,1.487216206649162942e+01,1.260830679044130846e+02,9.165935654399544319e+01,4.587236574061557803e+01,1.133635424780331675e+02,2.214052197400518480e+02,-4.268945922786311797e+01,-3.186811690111832718e+01,-1.307171304294790843e+02,1.049413167332486907e+01,1.176452787140866860e+02,6.065986357798912820e+01,1.030220824199167993e+02,7.218422017941929880e+01,-2.126382031123185925e+02,4.546943396295640696e+02,3.589362744286468399e+01,9.268820888577778305e+00,2.612874091444371416e+01,1.849793509264805493e+02,-1.495679695822377937e+02,6.078887140296077973e+01,-6.038593943533301456e+01,-1.641429161591593981e+02
-5.507559475710345254e+01,-1.672035237515323729e+02,2.705550023082110656e+01,-8.870998070683884862e+01,-1.285170931024681806e+02,-2.115974588032702108e+00,1.841877021879966847e+01,-9.169807859974963549e+01,7.806866852778770749e+01,-4.809906343960780362e+01,-2.087702310625646263e+01,5.004019628116369489e+01,7.717683927832780455e+01,2.200723960311097827e+01,-6.210731011350498676e+01,-2.139799552285712423e+02,-1.857884491211894158e+02,-2.963832991951337981e+00,-2.306605285446454090e+01,2.239405132722860685e+02,5.373624724269280932e+02,6.927752495213259465e+01,-2.402154858177077017e+02,-2.058003782381349538e+02,-1.817120883384937144e+02,1.321103402734020449e+02,-1.440293076687026819e+01,1.908744723051550238e+02,-2.838224036332466582e+01,-1.897801479975443897e+02,4.080118621390078033e+02,-9.072868497259491960e+01,1.244941368729321312e+02,2.266961310731080204e+01,4.197492907511763605e+01,-2.736244715475105522e+02,1.461768258601852466e+01,-1.013335180618334022e+02,-2.569400437348454602e+02
-2.720374092929004561e+01,-1.355897456713531710e+02,1.039828921018996084e+02,-7.805856417006127401e+01,-1.708941219163963012e+02,-3.890401965471470547e+00,6.606760777875703639e+01,-2.801576827434269745e+01,3.327098900529134085e+01,-1.807753573040051549e+02,-1.035793636853289996e+02,-2.032713060946383337e+02,-1.277090251050607890e+02,-4.895018990296176042e-01,-3.913751994121620328e+02,-4.211747559495444762e+02,-4.543309369104377993e+02,-5.865868095434009888e+01,-5.544725596371938536e+01,3.395504911222452620e+02,7.141310570886935238e+02,1.783468182502033414e+02,-3.315026247808197013e+02,-1.835106240531019921e+02,-2.455754009640814957e+02,1.392832886850517298e+02,-4.113992199759562851e+01,2.156027309496488158e+02,-1.981604078055127900e+02,-2.318959993351697335e+02,2.475620252327233857e+02,-1.907896531205496728e+02,2.105552884682202262e+02,-1.762285831731877295e+01,8.739095200484122472e+00,-2.087248371367196569e+02,5.743870592333237823e+00,-1.054170296999532184e+02,-1.886118014739404316e+02
-1.114892228334599444e+01,-6.013798367027179381e+01,1.250063401830753378e+02,-3.665418402930389163e+01,-1.816624108117905223e+02,-6.506833522383701052e+00,1.686427313226724323e+01,-8.114964864146922707e+01,-8.077237997769114486e+01,-2.442507077198694958e+02,-1.249097969279198139e+02,-3.207525714459019923e+02,-2.370351462496105341e+02,3.890040644444928830e+01,-4.889886201024405068e+02,-4.271397231727436861e+02,-4.121140921329181879e+02,-5.219831730315728890e+01,-6.487405189959835639e+01,2.644539045427471819e+02,4.230578407730325807e+02,1.608610467101787265e+02,-2.213780021787271721e+02,-4.230479109625748890e+01,-1.532054396784847086e+02,1.407722781487277075e+02,3.658841275322241415e+01,6.978771732651634352e+01,-1.034982623070906129e+02,-2.769850787710773261e+02,1.044762571379193048e+02,-2.017497068733552794e+02,1.940634932999134605e+02,-1.233006425387417551e+02,8.714405219590182128e+01,-8.015262298256008933e+01,9.529954473242024449e+01,-6.995213365506015180e+01,-6.339625346848347931e+01
1.475264414859928586e+01,5.637809866198814746e+01,1.126881842802745268e+02,-6.529543964313162974e+01,-1.393673124865539705e+02,-8.614292329383333424e+01,-1.072243150576159962e+02,-1.517665890859971114e+02,-2.534086589145899282e+01,-2.066991921655324802e+02,-1.279103408713861825e+02,-2.328777457483026296e+02,-1.745026994145610217e+02,7.281119336512892914e+01,-2.843376188701060414e+02,-2.796493593119650996e+02,-3.613299982437352469e+02,4.433106756649956992e+01,1.004301377581555599e+01,1.716247198085430057e+02,1.404824475451302419e+02,1.133901515876141559e+02,-7.013154325794802446e+01,7.257888588181675971e+01,-2.080466486534459847e+01,1.760012103922631468e+02,1.547664541156021869e+02,1.633240494490870276e+01,-3.133839036137686662e-01,-2.581479750335655581e+02,2.174370749231106359e+01,-8.478275232138082629e+01,6.794547299450056244e+01,-4.568566578696535885e+01,1.030507664824516070e+02,1.019760850015817084e+02,1.561297082033646006e+02,2.365005767494210787e+01,1.017328073765055620e+02
2.770759432025860036e+01,9.675556227962410105e+01,1.176774629875017126e+02,-6.415543686955155067e+01,1.283760447377157909e+01,-1.033966984887652387e+02,-1.690375958116430581e+02,-1.929844681700793956e+02,1.090284866520396321e+02,-1.672858179329774089e+02,-7.745270607404606267e+01,-3.288193695756700663e+01,-5.520951418869682215e+01,1.061216023550941827e+02,6.735186772133522481e+01,-1.110772131501881574e+02,-1.324829671960385440e+02,1.055585123002899905e+02,7.180878678016335925e+01,1.686338148885391064e+01,-7.789058975246899763e+01,9.458435719182380907e+00,2.228054440936983838e+01,1.232126621311657146e+02,8.070414614152376487e+01,1.572948366765772050e+02,1.544782084535136448e+02,-1.380878331198415054e+01,-3.198352923697578021e+01,-2.088512720985728777e+02,-2.156901108615710072e+01,-4.740055383877076167e+01,-1.593148027252518695e+01,1.396529599372475161e+02,7.590604249967083206e+01,1.634481654797219790e+02,1.133913658821650472e+02,5.813780111890401514e+01,1.164734991613119490e+02
2.520803650727095402e+01,3.561484205578501872e+01,1.383747353446158286e+02,5.247434942506154165e+00,2.309832991607512156e+02,2.431033637998276120e+01,-4.890639031051361485e+01,-1.664923958588121025e+02,1.819377787450875417e+02,-1.522270855872274922e+02,-3.889693883929849250e+01,1.035303395381499882e+02,-7.547788086564858645e+01,1.172708104194093579e+02,2.173128888208784701e+02,-3.559829890303161193e+01,1.648820379973226977e+02,4.729096248279399362e+01,7.237825807000302802e+01,-1.374095827747119074e+02,-2.014614267013739664e+02,-6.345636853724234072e+01,3.159093476146127344e+01,1.172226527317782399e+02,9.382060856369523094e+01,7.714345703931380172e+01,4.020077666094515223e+01,-7.694706223685329860e+01,-2.103010222754917322e+02,-1.855504371990026584e+02,-9.713414921013027481e+01,-1.659775694520521085e+02,4.206091030565467292e+01,2.227717412888324873e+02,5.541076270923877445e+00,8.702663632556374296e+01,-1.120019161260951357e+01,1.858699535241244405e+01,-2.498157967255170320e+01
-1.232308154155601798e+00,-4.591824509771439722e+01,1.315444102067842778e+02,1.391031593145934266e+02,3.714546559690764411e+02,1.409310780790934530e+02,1.483187298465304877e+02,-6.533389519086470898e+01,6.541117021675971444e+01,-9.928295707248911128e+01,1.054086821628357171e+02,7.678621651558445649e+01,-1.709882467753177195e+02,4.522959431885759329e+01,9.842008966257864699e+01,-2.622080560447748354e+01,1.239000077061025848e+02,-5.809159827120050323e+01,3.455530643856019424e+01,-1.914994336270413271e+02,-2.149282190126999126e+02,-8.779109329031390985e+01,-8.605041743347825900e+01,8.255572955297981252e+01,-9.934914392512482095e+00,-7.326159754530068824e+01,-8.538712987185914471e+01,-1.541773474837602294e+02,-1.544779258390335031e+02,-1.678933948004365391e+02,-1.560539087783754155e+02,-2.362111146964820136e+02,1.285266321206610201e+02,7.555105742030404770e+01,-1.205164263328358629e+02,-9.802751469140012830e+01,-9.224911067015979427e+01,-6.475683828752072202e+01,-2.401107192553613459e+02
7.845999207152345889e+00,-7.489623849415002610e+01,1.550439953048867778e+02,2.594216870581720400e+02,4.601806096950326150e+02,2.125153404752641393e+02,3.042601960825752485e+02,-1.321423473945386107e+01,-3.490802649461745233e+01,-7.148057310963389455e+01,1.745603962005669985e+01,-1.922399754701118013e+01,-3.718072746921505427e+02,3.719748814532393144e+00,-9.285650949893117456e+01,-3.931676483279825618e+01,-2.091234950502318668e+00,-1.338284038986507767e+02,-4.022672156305651470e+01,-1.015094281605739042e+02,-1.244922420900049218e+02,2.554411726494266688e+01,-9.731435058627835133e+01,6.663058192265845037e+01,-1.822880068266175257e+01,-4.785977277114086093e+01,-1.249971551944939563e+02,1.222727256343087276e+01,-3.440503552968748409e+02,-1.681504934003131098e+02,-2.126180753590734014e+02,-3.134660081447343032e+02,1.851034016433499403e+02,-5.906568896464487040e+01,-1.318686294764359843e+02,-1.373518909655198001e+02,-1.377664102895098210e+02,-4.356542889317487521e+01,-2.781317562083221446e+02
9.090491236729246083e+00,-6.853525131352554922e+01,1.185699880381805116e+02,3.109358234759101265e+02,3.568780620297782775e+02,1.717936337382729732e+02,2.354011351137064878e+02,-4.399320833095877958e+00,-1.331541807635751411e+02,-1.427701850012620000e+01,-8.585646711700393396e+00,-4.797618840430524045e+01,-4.484335292995133955e+02,-3.367662877386251097e+01,-1.033258509395682552e+02,3.206397875761247462e+01,-2.263018458596187941e+02,-1.094781980010209566e+02,-8.959420946095156069e+01,2.712635411293256027e+01,-6.010773648893000853e+01,9.939076947602414691e+01,-4.990457696055909054e+01,7.544806094180137279e+01,-5.630668129514969422e+00,2.910030574113568491e+01,-9.810442606420245681e+01,2.179488367018498991e+02,-2.374399494887711057e+02,-4.873366086889252813e+01,-1.786948727887760242e+02,-1.929711852019156311e+02,1.350614008114283138e+02,-1.651584305347790291e+02,-1.134897570241365656e+02,-1.220300202774672158e+02,-1.023708017954408547e+02,9.296367990492424127e+00,-1.835237923547344678e+02
2.283452457781486089e+00,-4.797950089969972964e+01,5.816628751845366452e+01,2.671833712341422142e+02,1.636022909319812300e+02,8.806219677761545483e+01,3.299769764688588225e+01,-2.073425853456259205e+01,-1.308802044814977421e+02,4.762264746628332546e+01,2.612331036052422562e+01,3.031449465738454663e+01,-3.883248929656857626e+02,-4.215290361872305169e+01,8.537900782960726076e+01,1.452152212310788855e+02,-3.669551745306102362e+02,-2.289177536353574638e+01,-6.896551754971409309e+01,1.050226038761078513e+02,4.749049788264748884e+00,1.231556036264175589e+02,8.334594557098538914e+00,8.357728915472114295e+01,1.076749771880017903e+01,7.645679491304208852e+01,-9.613796235797428835e+01,3.556039398569952255e+02,-4.824096750762394947e+01,1.568367353042815466e+02,-1.013439180203362326e+02,-1.004450415951075826e+01,5.319055312101180277e+01,-1.326990986718227532e+02,-1.177469564608531840e+02,-7.236799896987787406e+01,-8.730844181674625304e+01,4.494944937499676030e+01,-2.402288377797002994e+01
-5.397014101325569868e+01,-4.545943826731209469e+01,-7.301852234832143296e+00,1.828989248273713031e+02,1.199537974827071984e+01,8.168476245188568896e+01,-1.209851218271579398e+02,-4.077504451818009557e+01,-1.084097915045738318e+02,6.954104213413519631e+01,1.741236607716251683e+02,1.051523658572258455e+02,-2.925576697526719272e+02,2.729027237164506126e+00,2.285436523263997231e+02,1.664304613724032720e+02,-2.849020204271908483e+02,-4.651754452454198940e+00,-1.460608753157486817e+01,1.998918180382808529e+01,-3.805206571084575984e+01,6.793030306684978825e+01,1.644868225359077485e+01,9.944697467754400577e+01,-2.464260588358545334e+00,-2.152373720059407702e+01,-1.694266712891882207e+02,2.075380850499725227e+02,1.431223874353497933e+02,2.782601068120426362e+02,1.757952107890531579e+00,8.058822634494333670e+01,7.217744385034833954e+01,-1.000809450579038185e+02,-1.162174653416741137e+02,-8.311289731876043163e+01,-8.518621194724532586e+01,-4.703966691184583482e+01,5.847934687188398328e+01
-1.220397301754954782e+02,-6.959602825294305717e+01,-3.794385806479310475e+01,8.804974955721516494e+01,4.864838998149208749e+01,1.876664492590352040e+02,-1.754623723479832975e+01,-7.592573990562323161e+01,-1.133099823804608093e+02,7.436996448995165565e+01,2.607693904823165667e+02,1.096330910814520649e+02,-2.784326275046192336e+02,7.368184388430367449e+01,1.423365045647663862e+02,9.926897800901785729e+01,1.759360544586097674e+01,-8.707271800399672657e+01,3.911400323281202418e+01,-1.942508181795041082e+02,-1.802791255115210447e+02,8.192131596099659419e+01,3.916248322420523209e+01,1.227293778563507658e+02,7.318551081933446056e+00,-1.808487396149655524e+02,-2.557412907229784196e+02,-8.354865785651089993e+01,9.078471893043881380e+01,1.918566246621103062e+02,3.248725597321983116e+01,-8.269768755386606074e+01,1.857456091980091628e+02,-1.148853872799487448e+02,-1.105011524157033165e+02,-1.118187416072128855e+02,-1.130001138350278609e+02,-1.628555601488584443e+02,1.122283265243882511e+01
-1.497751036143520196e+02,-1.192270266607231690e+02,-2.508795264460700025e+01,3.757079997222093226e+01,2.573191677449024155e+02,3.246831212926327339e+02,2.940930983694372571e+02,-1.488232263430890612e+02,-1.805938523258576254e+02,8.977741559718741371e+01,2.018392441083443600e+02,7.776436514762777108e+01,-3.078395240100327328e+02,1.264306562360709165e+02,-6.605728832661060324e+01,6.677771046614475381e+01,4.780799240278761886e+02,-2.011346340693807520e+02,4.269093287392837510e+01,-4.326348507610301795e+02,-4.071632368301060296e+02,1.764677202625302641e+02,1.564869981219937074e+02,1.517817803350084773e+02,1.018357607058875942e+02,-2.726503962298096440e+02,-2.724525825524661968e+02,-2.950580841606470131e+02,-1.450335036741498698e+02,-4.054162960473270516e+01,-2.740975303972470556e+01,-4.316327556281970601e+02,2.676246585765985628e+02,-1.645339735062954958e+02,-7.895617897170461674e+01,-1.181033825799472936e+02,-1.478771830930634508e+02,-1.901152119427291893e+02,-1.383828800341330520e+02
-1.281462298532398734e+02,-6.789238373247152936e+01,1.246269452271714329e+01,3.949989270302971534e+01,4.372341056451031136e+02,2.637806428758627817e+02,4.719541440073012382e+02,-1.604045609248757671e+02,-1.722602638404404729e+02,1.350134218192106061e+02,1.453631878339774630e+02,2.052475930049393327e-01,-2.645713686150787112e+02,1.110339591808271678e+02,-2.034247147442448522e+02,4.087248324423163837e+01,5.232694764451485980e+02,-2.281464333993233993e+02,2.850284358423374798e+01,-4.019040367221091969e+02,-4.107407935833080046e+02,2.299525194364815945e+02,1.939303681822673013e+02,1.311964768124546481e+02,2.122759658049416203e+02,-2.629826582626905065e+02,-1.843061107432776566e+02,-2.494869704185346961e+02,-3.056394297709614989e+02,-2.233475178008129944e+02,-1.729174338757117368e+01,-4.977927309863611072e+02,1.968263914481547090e+02,-1.363538043585548678e+02,-8.079747377210482284e+01,-4.136055400518505820e+01,-1.171922585418266181e+02,-1.714370257804132507e+02,-1.760090373930916883e+02
-4.956063335168458650e+01,-1.730274785953363192e+01,7.052210932146165590e+01,1.337417083176972596e+02,4.786436537956808479e+02,9.083921462092521892e+01,4.008683886280448405e+02,-1.479402082487576706e+02,-4.941534335962590774e+01,1.277421149073721409e+02,-1.272465395068002891e+01,1.892196255885321676e+01,-7.190336442855308974e+01,7.546618096495453187e+01,-7.052294557103843431e+01,1.138821051478047934e+02,4.999115089493362802e+02,-1.700206097748798300e+02,-2.411474610369225147e+01,-2.058831179343154645e+02,-2.997996561545027703e+02,1.314975477031866831e+02,2.274311407014293422e+02,7.296122268752372975e+01,3.146973186166846403e+02,-1.384588829584446614e+02,-7.103422991260201513e+01,-4.427262326074298215e+01,-3.672572783164088150e+02,-1.803440953157357285e+02,-7.103709974343958677e+00,-4.317040126673300620e+02,3.229288565815243572e+01,1.969849122765396032e+00,-6.029306688975898965e+01,8.736720833974069933e+01,-1.297662070390404381e+02,-1.142559601788058785e+02,-8.356858947189809328e+01
-3.605366714918488924e+00,-2.981882175212337671e+00,6.780431895954957611e+01,2.624682801968354511e+02,4.704572365615705962e+02,4.631646682308351615e+01,3.325907109208861812e+02,-5.938544966016099380e+01,7.588654977742375252e+01,2.251303648840676601e+02,-1.016211759181210184e+01,1.611179356273354415e+02,-5.544404034046707608e+01,-2.761869903522618230e+01,2.187892010168226022e+02,3.006583998228350652e+02,1.979674937402639614e+02,-5.505554409273366190e+01,-3.816890614583319774e+01,-1.189855628791411561e+02,-4.747507573301802495e+02,1.181846394104734799e+02,1.511373241195723267e+02,6.879171785990195076e+01,3.849592946627248580e+02,-8.390053928466021205e+01,1.505983630880058044e+00,1.780917605739023770e+02,-3.153377975734122174e+02,1.000459735755042203e+02,-5.157074570129525171e+01,-3.619895666782002195e+02,-2.118610992374113096e+02,1.236864539633075708e+02,-3.305253892324500953e+02,9.681828709861467530e+01,-1.943755767262807694e+02,3.435378341630399746e+01,-8.011710912167696108e+01
-7.693436166948588451e+00,-5.346741340284195587e+01,3.495969414780451956e+01,2.954599478333531124e+02,2.011509884820068237e+02,-9.521415512759429589e+01,1.645182420541552659e+01,4.496858740901958384e+01,1.895715662739286529e+02,1.162231119062522993e+02,-5.751382524103492244e+01,2.102091114017234190e+02,2.105632366246451284e+02,-7.400220878425095350e+01,3.885311041402309229e+02,3.399430586740795661e+02,-1.074012561552548277e+02,1.105839833045776599e+00,-4.808956112175382458e+01,-1.937937640394463301e+01,-3.453809671621925759e+02,-8.854971226502077286e+01,3.677060924909264372e+01,2.021570042139034840e+01,1.881264171235977756e+02,-8.616458739139442002e+01,-1.010537805738360717e+01,1.430889497762391613e+02,3.776263946716479580e+01,3.616847357905373315e+02,-5.097020129472656436e+01,-3.162795958914750827e+02,-2.479231834458544768e+02,1.697960753273980856e+02,-3.548536282908532371e+02,7.693777281496090836e+01,-2.458948250592814873e+02,1.118450218253032702e+00,-1.436435357908454691e+01
-4.232729986942869260e+01,-7.612829550240037690e+01,-1.057728526934547553e+00,1.401400609320412798e+02,1.892032058716642595e+01,-7.568275685052523727e+01,-1.509011889098462404e+02,1.147820928885368659e+02,2.701258498306663682e+02,-4.308688294073501623e+01,-1.843680320930930634e+02,1.265097888091676737e+02,1.303344656415803229e+02,-2.981056469444392576e+01,2.652895429487957699e+02,1.954026660612055082e+02,-3.077397722712900077e+02,-1.918498807290381691e+01,-5.414246790030176015e+01,-2.547605024057577339e+01,-2.369455636528170430e+02,-6.058431190584366277e+01,1.730958330215149843e+01,3.538693376379318778e+01,3.172481144660775598e+01,-4.195868339718194306e+01,-2.554610572172965988e+01,1.019262239411463895e+02,-5.173110127196652286e+01,3.499957778059914517e+02,-4.839772207796376335e+01,-3.500252291172200785e+02,-1.241471818704810772e+02,1.944359598155844537e+02,-2.485059209165579830e+02,8.956952239638037838e+01,-2.096552758853229079e+02,-1.649693958812685324e+00,4.081369186828928264e+01
-7.248417873171851511e+01,-7.445165783486159228e+01,-5.160389451394548388e+01,-1.002814320680940199e+02,-1.272463479726066140e+02,-5.785252294587522215e+01,-2.554592734142067627e+02,1.265601610822838410e+02,1.753134731520669050e+02,-1.829571155005282606e+02,-1.692164235096532536e+02,-5.196237282556897696e+01,-1.794439993046790960e+01,3.829803275852772515e+01,4.113569121941227991e+01,-6.489603772199306064e+00,-3.176542667463858720e+02,-2.979283025587677258e+01,-5.160485913963770344e+01,-5.017168779966439729e+01,-1.014028569018320809e+02,1.452541485205840033e+01,5.248701674110419191e+01,6.231980495133932862e+01,-9.492536679736384997e+01,-9.848315409398274767e+00,-4.422836272718671324e+01,8.417214640071200904e+00,-1.011962174544295863e+02,1.246223846691199242e+02,6.350592661494740554e+00,-2.551736944120490875e+02,3.673776792164206739e+01,1.490343525194090262e+02,2.549595854900791991e+00,6.257838277632893664e+01,-4.943249161915651513e+01,-2.043398000511756862e+01,4.996488387007048715e+01
-3.624039348949169437e+01,-4.854351185270730440e+01,-8.059172428150682777e+01,-2.800371518119495704e+02,-2.044396946006585836e+02,-9.864948875989344401e+01,-2.742526450254143242e+02,9.623026321360698887e+01,-4.507215183952467896e+00,-1.952433886059605470e+02,-5.560027435312436950e+01,-1.762998992376165290e+02,-1.063153165319539966e+02,6.021330709399496328e+01,-6.144508125598598269e+01,-1.110259876082291441e+02,-1.761338860974374825e+02,5.170206815548691281e+01,1.121298350570816993e+01,1.729601411006734324e+01,8.244253850181186749e+01,1.057849370848042838e+02,7.602271355933700647e+01,4.482408246955127851e+01,-1.562176659733941904e+02,3.250534116827252262e+01,-5.799658231088560001e+01,-2.757952047990939093e+01,-8.503502779421930313e+01,-1.046035704275161322e+02,1.857413052980991708e+01,-5.933912874927145253e+01,1.064623101240360938e+02,1.170209684862593917e+02,2.009498263203954309e+02,3.367090656318849540e+01,9.108413641157683571e+01,1.834369727111125314e+01,6.476371315353428315e+01
2.869542004357626297e+01,-3.193055150413675491e+00,-7.062412367560295934e+01,-2.826387313724610522e+02,-2.050896309419329100e+02,-1.647790475008531246e+02,-2.260080580235445211e+02,7.457080963258856343e+01,-1.506217050761450764e+02,-7.811685341593869225e+01,1.248500213026300969e+02,-1.875767585387340262e+02,-1.237577495308677413e+02,3.547116747066252884e+01,-1.418997362164111564e+01,-1.245378118476114651e+02,-7.253135733740579383e+01,1.792882214748557601e+02,1.236986842015151069e+02,1.546722957427153631e+02,2.076112131629509179e+02,1.487816773921516074e+02,-8.365046498365490635e+00,-8.790505648459722821e+00,-1.640614776044626240e+02,5.258159585368923672e+01,-6.063095682426303767e+01,-5.011647115098373462e+01,1.846357645273528192e+00,-1.953558047215324223e+02,-2.059618168035376939e+01,1.367162787325515296e+02,8.060865715310549717e+01,9.038851087266476725e+01,2.175493327258771501e+02,1.735079361316139934e+00,1.427046401666839586e+02,6.529071838249110726e+01,9.835842951877745577e+01
6.397702663591781658e+01,8.547294012250173267e+00,-1.119351464726665668e+01,-1.320490278942475584e+02,-1.432186920044617864e+02,-1.872666937795927709e+02,-1.554379968439963875e+02,6.131905314285366160e+01,-2.011523191095198513e+02,2.970127747586768052e+01,2.258904023595827937e+02,-1.147487429317443599e+02,-8.449500539429108414e+01,3.332458564126648071e+01,7.204416909020700643e+01,-1.070872145215990798e+02,-1.350622417908645900e+00,2.404820584598232642e+02,1.953135532429712953e+02,2.317146067078870715e+02,1.986069157633638156e+02,1.069099135339066464e+02,-1.140511241885425306e+02,-4.335875933244820146e+01,-1.291465424940332696e+02,6.359057432038645885e+01,-5.007806973095696179e+01,-1.047337403009242394e+02,7.438124313157499046e+01,-1.736693665288218256e+02,-8.100750922068512239e+01,1.401947577399701572e+02,5.384060342532764309e+01,5.130712042853395616e+01,1.572165857599122774e+02,-2.305959422104409029e+01,1.088137936088152742e+02,5.356022467816270449e+01,9.968511943773064843e+01
3.818248180214015264e+01,-8.136060921949082925e+00,4.443666994339085363e+01,-3.907543775921650919e+00,-8.408950663516883139e+01,-1.532408219646257237e+02,-1.180522757380175420e+02,7.823329693465633738e+01,-1.657555956654895795e+02,5.913265102630074210e+01,2.418084246431832014e+02,-6.135401236902248456e+01,-7.015409827439029300e+01,6.429768336392208994e+01,4.717007807752443682e+01,-1.165352543073357339e+02,-1.041473274291574569e+02,1.990267185400423955e+02,1.766516199247024588e+02,2.171368104346291545e+02,1.277010853692343630e+02,4.879858489752982109e+01,-1.434650385343667551e+02,-2.237727019294659314e+01,-8.081281965418406799e+01,8.090284231994770892e+01,-6.105395664802729883e+00,-1.206449730164396072e+02,1.384233560365117626e+02,-1.355280615118840615e+02,-7.385965542796040495e+01,5.405937538176821278e+01,5.966882501729099175e+01,-5.757913701366916825e+00,9.310154379341410902e+01,-2.248802130044120062e+01,8.808919428759607229e+01,-1.595042369739704391e+01,4.351087532201852781e+01
7.124775745539666971e+00,-6.164700741992140820e+01,7.021856400183921210e+01,2.197513589848584203e+01,-6.571209520651275682e+01,-4.992937480668367556e+01,-1.248753494857408981e+02,6.618936806135874917e+01,-1.247292138520118243e+02,-2.397710148385481332e+01,1.571253469882484239e+02,-4.054361007464404310e+01,-7.083496117279375426e+01,1.205185375458746080e+02,-1.345532877712356878e+01,-8.371315266890296414e+01,-5.291471999707033547e+01,9.778092308880610517e+01,3.955429669257467395e+01,9.367862425730946541e+01,6.786975868995781980e+00,-8.395288176912167444e+00,2.735851148252337239e+01,4.955512606131530617e+01,1.559291254428607587e+01,1.409191125347064997e+02,5.187463504209613063e+01,-3.143770336469849269e+01,1.484314418241064857e+02,-1.298432199907728375e+02,4.480403049628657541e+00,-3.069761211063937623e+01,7.021826592858460003e+01,-5.300067403388787568e+01,1.461046027478658118e+02,-5.455776300725869277e+00,1.033374549283845880e+02,-5.525021084853304387e+01,-5.967783658410499470e+01
2.286228426533376989e+01,-8.257308171968827537e+01,3.879544769224762035e+01,-2.595743231190997946e+01,-1.293869791565989544e+02,2.454466910901746957e+01,-1.527504704455007811e+02,4.622491678848729890e+01,-1.129919127955295011e+02,-9.829411697522021996e+01,1.248714528066062286e+02,-4.485583748494029521e+01,-1.090312347164562645e+01,1.053758688794819705e+02,-1.939606106239693872e+00,1.852904686464397344e+01,4.885023180933356457e+01,5.116402843457827743e+01,-1.012869959285057178e+02,2.405532244429664956e+00,-5.673696747729380263e+01,-5.288004633970651014e+01,2.114674850482003876e+02,8.935544919596598845e+01,7.858605380019039899e+01,1.867288025652232193e+02,1.038949065845038717e+02,1.528526319782996268e+02,2.426947905073366201e+02,-8.519364291301832282e+01,1.296677351932120246e+02,8.433395131918894094e+01,-4.839536146929269478e+00,-9.307720488994741004e+01,1.852236164767666651e+02,-6.638583812924090388e-01,1.302893258211174725e+02,7.830504155805646960e+00,-1.097849671475338340e+02
8.820409206458333529e+01,-3.473598915557266054e+01,-1.580581643136408942e+01,-2.997421054907949056e+01,-2.314541769350346385e+02,4.140427376265640902e+01,-1.383375263635773251e+02,2.693351836407856936e+01,-1.079677408745521205e+02,-9.970986416088892668e+01,1.739537444260045618e+02,-4.697478438157915548e+01,1.307971059644059437e+02,1.154511086347081417e+01,9.986306105906500363e+01,1.276384437408211880e+02,1.325658003394356683e+02,7.564457343184169247e+01,-1.617107387024808816e+02,-1.555053026905052604e+01,-9.781622147700572611e+01,-1.115705327552451820e+02,2.077726882883962958e+02,5.515745340672962982e+01,5.053281282903715521e+01,1.789021478762990682e+02,1.420106514787767367e+02,2.739549499888935884e+02,4.126062096446147507e+02,3.317212835471448784e+01,2.352293973921271970e+02,3.270861931046554218e+02,-1.499385901221241397e+02,-1.598534051826627262e+02,1.367381105980764460e+02,-2.767686706464505875e+01,1.276373730238734936e+02,1.560477466795095722e+02,-4.629555046704758325e+01
1.523559372815855966e+02,5.697121420180418738e+01,-1.449785717425688780e+01,6.449811083294483183e+01,-2.292227154801178699e+02,7.766918295978767617e+01,-2.316210468316488402e+01,-9.206409469927194777e+00,-4.451548642690466551e+01,-9.102924792450679092e+01,1.553306529658988779e+02,-5.366674721061897202e+01,2.020517480230598153e+02,-4.200725229130809169e+01,1.818180382835217017e+02,1.078717334833004742e+02,2.263111101418727173e+02,8.210097579739596085e+01,-1.643312711484583701e+02,-5.031902305632251426e+01,-2.381699747737016537e+02,-1.576412469609632296e+02,1.554078168600571530e+01,-1.511539596086937109e-01,-2.018588197325520639e+00,1.564743251247227249e+02,1.572590309267919224e+02,2.342859238870050547e+02,3.416993540142516395e+02,1.136433399374312785e+02,2.639482617644205789e+02,3.940267829434790201e+02,-2.400389341488561001e+02,-2.328814885575413030e+02,8.117240284503303371e+01,-5.446547766896349430e+01,9.188813302774553904e+01,3.011128114873431514e+02,7.668750330479016952e+01
1.890978486839038908e+02,1.229374836838096172e+02,1.709620757851846662e+01,9.924963730569355391e+01,-1.764153730197467382e+02,7.562834113811594250e+01,1.255401250704548062e+02,-1.843465595256012080e+01,8.470405611547892022e+01,-7.626931688193768366e+01,-2.498503473365195049e+01,-7.060103641855324952e+01,2.189374904753474311e+02,-4.861116982311217782e+01,1.187952912570386133e+02,-1.059339264478602516e+01,7.399076633557426419e+01,7.602830127337391275e+01,-9.080995270422491217e+01,-5.816712249624256259e+01,-2.624655658796505122e+02,-1.051707532736154036e+02,-2.247843183062059893e+02,-6.067873207102725530e+01,-1.127402441118948673e+02,1.625908852347243965e+02,1.633361430282961351e+02,1.201898539747361809e+02,1.373764069726759089e+02,1.133979282340895622e+02,1.687500317227100481e+02,2.229055167163004967e+02,-2.275519347048128225e+02,-2.565637914826124870e+02,2.456876909574787327e+00,-1.760107266318906483e+01,3.470060353931502561e+01,3.997645959338681223e+02,1.629170282838510957e+02
1.831754518855088349e+02,8.940810159730553153e+01,2.080445513960493287e+01,4.948023256010053217e+00,-1.940585590128149249e+02,1.777229977360986979e+00,1.338228435430546028e+02,-2.084787053618066821e+01,1.505331191738846996e+02,-1.073477026578431719e+02,-2.612287076533419850e+02,-9.703696256920369478e+01,2.867308001336164693e+02,-7.703939903060832428e+00,1.655792651457094422e+00,-1.083755036572494106e+02,-1.060870680789635543e+02,8.988164897180585911e+01,-2.355494525619601376e+00,-3.960648417019478984e+01,-1.152392355057965290e+02,-5.026333116355928610e+01,-3.038524476936254928e+02,-1.007406113720287379e+02,-2.381532324620660006e+02,1.728834666207024497e+02,1.209760763037590152e+02,-1.181591044431730353e+01,9.133869307994041264e+01,3.198209032466792934e+01,1.542860409332160287e+01,-4.615658640003852042e+01,-1.207392656758459850e+02,-2.241916646655168961e+02,2.572770216306089708e+01,3.661463850400730990e+01,6.306118956834420253e+00,3.783354992725335251e+02,1.336040404481593669e+02
1.110424500905633494e+02,2.977621366518572543e+01,-4.404617937779035941e+01,-1.368034320664240511e+02,-2.552584645486189459e+02,-2.518894966736174013e+01,-2.592163126543072238e+00,-3.103407298731463726e+01,7.492147871227876976e+01,-1.358577525007222846e+02,-2.702734130467607088e+02,-1.453789185499108498e+02,2.071880249246501933e+02,6.302493658295211532e+01,-4.258471403213489737e+01,-1.644649708774815053e+02,-6.816076182174666087e+01,1.373553319703345323e+02,4.876149439018166731e+01,-2.712529160143779094e+01,-8.311949513460612593e+01,-2.059651352053337803e+01,-2.137633285237857876e+02,-7.139774598843469278e+01,-2.259886109362026332e+02,1.212489394766674025e+02,2.742677802016202548e+01,-1.188716997333028189e+02,1.713201938401225277e+02,-9.383218541218469966e+01,-5.822791776508099559e+01,-1.272692310310125805e+02,-1.497251781603026188e+00,-1.761221803972848079e+02,1.337492161061758793e+02,1.843065506212936810e+01,8.449284552388974134e+01,2.472041181296165178e+02,4.842666714239115322e+01
2.994640187283985000e+01,9.116087136576897620e+00,-1.601065099342843041e+02,-2.667103217007189642e+02,-3.599435992937222863e+02,-4.948822308604640341e+01,-1.750879669229316278e+02,-3.388517291470189008e+01,-4.366345317722151975e+01,-8.329514891553029088e+01,-1.060907296482409379e+02,-1.764263882450561880e+02,4.523106885982563341e+01,6.218528721224985389e+01,9.542349149212476789e-01,-1.644302201486536603e+02,1.208105380851691848e+02,2.454093990452482217e+02,1.341244108349465591e+02,1.052609246538635261e+02,-5.830458108443456666e+01,3.564762439191724042e+01,-8.619419325904347318e+01,-5.846344722588869303e+01,-1.654920856194234204e+02,3.855924626009337430e+01,-5.785482949390741680e+01,-1.475176540491564197e+02,3.049576624825383533e+02,-1.202095259749890346e+02,-1.035381259341239542e+02,2.405422075729668308e+01,4.454876585572832681e+01,-1.106625500148549008e+02,1.764376493205515999e+02,-1.228600910468442819e+01,1.651012012183944933e+02,1.463473912696737216e+02,1.051900092086511478e+02
-1.959636980599304223e+01,6.326701180405998315e+01,-2.199334337793356156e+02,-3.184431103515676682e+02,-3.947556501221060898e+02,-1.069899690012731099e+02,-2.478487707752908022e+02,-1.057407264479330067e+01,-7.125352539129607976e+01,3.467630676819636903e+01,9.223236132440955259e+01,-1.884493321930110312e+02,-1.188303514050868728e+02,-1.952957281120146149e+01,5.471523732424593334e+01,-1.744861855640434101e+02,2.480268679207834168e+02,3.396194034039110647e+02,2.502759144910028795e+02,3.238423471022639433e+02,3.371103472341468432e+01,1.416171385800759879e+02,-7.268004559054730862e+01,-9.346549336883455794e+01,-1.363777096908353315e+02,-3.201574185019963181e+01,-8.897486075466304101e+01,-1.186615963986799187e+02,2.953269007125286407e+02,-2.288930734115003318e+01,-1.635266441252518348e+02,2.215615297178601395e+02,-9.843260512653301930e+00,-7.913250329130157468e+00,1.035356391267605147e+02,-6.564672732722844017e+00,1.719640411306454553e+02,1.340161490487098490e+02,3.090196728219037823e+02
-8.444591875362517541e+00,1.144374016996262355e+02,-1.614540120968482029e+02,-3.097486729989339551e+02,-3.163800203336651293e+02,-1.575168136704084532e+02,-1.918843922049122170e+02,2.743409199366023543e+01,1.799479315464595786e+01,1.144669658918457458e+02,1.421925028617794737e+02,-1.693990731222471311e+02,-1.676018131839223599e+02,-1.011362247028340846e+02,2.048849870968684428e+01,-1.851924735509032018e+02,2.788542989065563233e+02,2.968739341068608724e+02,2.962338699966622357e+02,4.437963738666269364e+02,1.874992291209891562e+02,2.320748499615363869e+02,-1.035522826410236092e+02,-1.328679536577862734e+02,-1.577786646128182610e+02,-3.190800055115494871e+01,-5.455981497155639914e+01,-1.107952209055997912e+02,1.207446056840363156e+02,1.200363963218517966e+02,-2.596261492557572979e+02,2.334480823761723514e+02,-1.061342476354525957e+02,1.008546011572783101e+02,2.266337445984466115e+01,3.937803812408613169e+01,9.929265550776240445e+01,1.668815908747712911e+02,4.511458876728617611e+02
3.255743828815107577e+01,1.242558132895880192e+02,-7.155083466936646630e+01,-3.008254289276195550e+02,-2.421148932373492073e+02,-1.595435616682009368e+02,-1.411467688444240594e+02,1.010967365446735329e+02,1.132386898740903831e+02,1.322547445725427337e+02,1.792758402985864734e+02,-1.455509292228895220e+02,-4.893577489922897428e+01,-1.330421134105268663e+02,-1.314598576317027891e+02,-1.608422446758136743e+02,6.215478618521998300e+01,8.767336231177405637e+01,2.044513483980982187e+02,3.619896427174977589e+02,3.393372408983603918e+02,1.857889519279339083e+02,-1.195889742001013190e+02,-1.148665071198519456e+02,-2.099790077004581690e+02,-1.519977233687228235e+01,2.764637144700629889e+01,-1.893980408315868260e+02,1.266077352687077990e+02,2.238701216517517025e+02,-2.604934641546636840e+02,2.422142335932863659e+02,-1.960670716060545828e+02,1.037232446021610741e+02,-1.378175781327507465e+01,3.966356186937875350e+01,7.520341279280020785e+01,1.110343890563522251e+02,3.432769575971036033e+02
7.534072576959734135e+01,1.317539953856114323e+02,2.940711299311930205e+00,-2.562142275811692116e+02,-1.474791831548136827e+02,-1.486365734889615098e+01,-1.244581306141699173e+02,1.395254459404582121e+02,1.707881540249603347e+02,9.168055518810140825e+01,2.289243097857147689e+02,-1.057348913092336602e+02,4.469170992552523813e+01,-6.167262275090926238e+01,-2.433815551977390328e+02,-9.261946285378448351e+01,-1.452384326488074748e+02,-1.984290301909169898e+02,-2.196722816211092066e+01,8.737524007058482312e+01,3.073551496516321890e+02,3.911725768951036031e+01,-5.183408325142382012e+01,6.945986134738646456e-02,-8.079418875053445959e+01,1.597971797337386413e+01,1.022913038805049553e+02,-1.920533470446588069e+02,3.699724607007289734e+01,1.928445173527617271e+02,-9.458043470579774237e+01,3.443493296117381419e+02,-2.472221184675588859e+02,5.791509847666267774e+01,4.783059037713847772e+01,-1.775906418363250339e+01,1.306952251977910464e+02,-2.550693449284464265e+01,4.775771339256469616e+01
9.766627979574997198e+01,1.737208038200136286e+02,9.545090074828909366e+00,-1.890213974752043669e+02,-6.368276924409707362e+01,1.972498724113845014e+02,-8.735257216606702002e+01,1.085641328801858521e+02,2.288305063301657185e+02,8.692833646727014241e+01,1.869987324319139645e+02,-1.440116213040538895e+01,4.287789777158708127e+00,2.506059325350357270e+01,-2.427269969135249994e+02,-2.048319369398033274e+00,-2.815064777532715539e+02,-3.690104662027841869e+02,-1.967872270932862762e+02,-1.261531903837614834e+02,1.907170415588782362e+02,-3.759202745911770904e+01,4.630266023785811313e+01,1.146998050177384414e+02,1.909186363491136831e+02,8.636489643549870721e+01,1.674619704652393466e+02,1.406400463471071483e+01,-3.039446883342228602e+02,8.435227355228754220e+01,1.200981255173581417e+02,5.251093617742319566e+02,-2.452456594184253049e+02,4.855670947720122399e+01,7.800118575321934600e+01,-2.861139681372600307e+01,1.749903769378051095e+02,-9.612457596081944189e+01,-1.194555753958635762e+02
1.531850777830291932e+01,1.496312651015821586e+02,-1.025205796571625996e+02,-5.307268272166817269e+01,-1.470297799991197962e+02,2.241991844352387488e+02,-1.130820088301027653e+02,2.633668908393389785e+01,8.150175232707735518e+01,1.486725062446416814e+02,3.170188845744592641e+02,1.251238191023849282e+02,1.340596881814411745e+02,-1.783746466981681067e+01,-8.221313041907930597e+01,1.304146568502087291e+02,-3.471512487337935227e+02,-3.161755437996575893e+02,-2.023464686570933679e+02,-2.203057362805124058e+02,1.966650773092556648e+00,-2.115437898653930802e+02,1.006061118029460921e+01,1.298711075425763113e+02,2.640866291190554875e+02,-5.869467811039310590e-01,1.811266517556481404e+02,2.940904642958690118e+01,-3.629295594289250459e+01,6.211465085966456456e+01,2.813941474489511734e+02,7.108151915299893062e+02,-2.087263651126246202e+02,-7.802716800824211418e+01,2.958415384576735363e+01,-1.283704289607760813e+02,2.060575348037082790e+02,-1.640720975483866084e+02,-1.361914042754418972e+02
-1.146421298846783117e+02,1.160222624927148161e+02,-1.305158451064447718e+02,6.679218658070932690e+01,-6.538731194394674162e+01,2.140369579890332830e+02,-2.981950070019706089e+01,-9.108508332017515841e+01,-9.186248970777203482e+00,1.636807926278443119e+02,2.753739180711327208e+02,2.213866068396492608e+02,-1.742900421492357665e+01,-4.132876825526231812e+01,4.464043992720510090e+01,1.139899250100428958e+02,-1.215766454279669233e+02,-1.732444487290596555e+02,-1.182341472176371440e+02,-2.557098208350750781e+02,-2.942156762172826348e+02,-2.244822959358209005e+02,-5.298664793496259406e+00,1.171334595909315510e+02,3.123098735077425658e+02,-5.450340237004742505e+01,1.704204386873622354e+02,-3.279232451663438042e+01,-1.268996201822683929e+02,-3.523777185820063274e+00,2.444876930258959931e+02,5.520797809264779517e+02,-8.416347209259127737e+01,-7.875076434006037118e+01,9.798129969141262663e+00,-1.163471318903433200e+02,1.912652266898706443e+02,-1.361054682838132237e+02,2.657970319243326074e+01
-1.831926048780881047e+02,5.735440130265048708e+01,-5.659304811272779290e+01,6.103180147391397270e+01,5.296319112766197890e+01,2.893110322529235390e+01,-8.611350984024049637e+00,-1.296283327113741848e+02,-2.457133428869272507e+01,1.002663548344337130e+02,1.225229218452786029e+02,2.141109623184146074e+02,-7.609613896997178983e+01,-6.391214862378091510e+01,9.018962343710026630e+01,5.240135074241312907e+01,1.107429776316170376e+02,-2.895538112695211908e+01,-1.791376979538494396e+01,-2.240934847146212405e+02,-3.156619592026676742e+02,-2.018707505477732127e+02,3.761590622503291570e+01,5.380600523892408660e+01,2.154949067118133996e+02,-9.030016415057474433e+01,1.244681776604269317e+02,-1.765706372960282522e+02,-1.778495047465162884e+02,-3.909820968055679202e+01,4.550450674830598530e+01,2.053013134016965751e+02,3.375869478890006548e+01,5.967761059216279307e+01,4.256712679917011855e+01,-1.793383083601689165e+01,1.304054473472880034e+02,-1.082915654489148238e+02,1.526168817909741904e+02
-1.357695520546719763e+02,1.082143819468745818e+02,-4.401542560662738524e+00,-1.169170188250743365e+02,7.377640894259708659e+01,-2.940965768258453750e+02,-1.022548964319855713e+02,4.060996614228608337e+01,6.434784100230066883e+01,1.325886408618192434e+02,1.021977611974400872e+02,7.015825652422505243e+01,6.642766597503371173e+00,-1.573164154409222988e+02,-1.554929244898978880e+00,3.254386864727781159e+00,-3.383704123084334014e+02,7.325844905494768966e+01,9.517510813473592179e+01,-4.001844266366929048e+01,9.288253110684763669e+01,-1.015626984486134461e+02,-1.202504853502862936e+01,-5.163086164566672664e+01,-5.032861370044123817e+00,-1.429502624114142861e+02,1.025053077885498425e+02,-1.820483580764236251e+02,2.962234125876663882e+01,2.340686121044312884e+01,-9.152391753054621404e+01,2.012948463729862851e+02,4.763740403673722312e+00,2.477912041835221544e+02,-1.263245765736043893e+02,9.930585241205221791e+01,9.184079385020862674e+01,-9.759158461130012086e+01,1.690119704922812502e+02
2.605479673643312211e+01,1.572646095582765611e+02,3.544731070904614256e+00,-2.165502699247643932e+02,4.852210939450162641e+01,-2.703532993108578921e+02,-1.774452135112537121e+02,1.280401795165448675e+02,1.690708357716294756e+02,7.853455375655715898e+01,-1.775268190329182119e+02,-1.550742490674901219e+01,1.782518765023771934e+01,-1.074209469243425588e+02,-1.125519564573681635e+02,1.952735805073798758e+01,-1.976887867524080207e+02,-5.478866316485075316e+01,-9.801088151315520136e+00,-4.925126847264193941e+01,2.022532396053338744e+02,-7.017073920843951385e+01,1.636089021620489632e+02,-6.922588832650492918e+01,6.231463979105352990e+00,-1.511259003003157275e+01,1.440750277552346859e+02,-1.303228320086123233e+02,-1.010127788430496594e+02,7.083565957378671385e+01,-1.180806513022052542e+02,2.393286239955607186e+02,2.375280850273663447e+01,3.014549794308948663e+02,-9.488951518429766452e+01,1.648875958589563595e+02,4.280271776260748595e+01,-6.690895371968549910e+01,1.281578381664128869e+02
1.345410681555170527e+02,2.139345864113192874e+02,-7.769819828409569595e+01,-1.072722790881667692e+02,-8.239449872167371325e+01,-1.526854514762983399e+02,-2.380257433071008677e+02,1.447407719795194510e+02,1.189540047019269053e+02,5.012885335409423959e+01,-2.646443232599829685e+02,-3.697728208970743680e+01,1.088109526135889524e+02,-8.683532839281235738e+01,-1.198772891583817568e+02,4.138640548835267907e+01,-1.165219442668803396e+02,-2.102937688263161533e+02,-1.563096600487075136e+02,-1.129596300849137691e+02,7.103299065070659424e+01,-1.643674601800971118e+02,1.299779709585137653e+02,-7.272580157644256360e+01,2.518176937765144885e+01,4.338310383680563831e+01,1.927660489672713879e+02,-1.082596553947757059e+02,3.055364355307917634e+01,1.513933029315426779e+02,8.444373277832957569e+01,4.458931449180223012e+02,3.187491247731968258e+01,1.298082356225926333e+02,-6.213324369047636964e+01,1.585141284583708021e+01,2.917155714208119477e+01,-7.285646126882630824e+01,5.681276602990917013e+01
1.353950226313507699e+02,2.312641157267515268e+02,-1.346283628036931646e+02,6.922901541167497896e+01,-1.580430793098069842e+02,-1.168648659795799745e+02,-1.478363485077769042e+02,1.228833900672889854e+02,1.775587804562540484e+01,7.641647749937592948e+01,-2.315249021484556522e+02,3.951906771930438822e+00,1.397496029968127118e+02,-1.701659643315969106e+02,-8.157351703838608614e+01,1.549520139939921748e+01,-4.420709455756507964e+02,-2.052669916478655523e+02,-1.530778528777564702e+02,-6.153753150850691611e+01,1.191000659052596689e+01,-1.199022104571940446e+02,-1.628195110408238975e+02,-1.162138584890836341e+02,-6.274649043098379764e+01,2.293963549063417418e+01,2.042015809411836358e+02,-1.097388906660218844e+01,1.872091382856982023e+02,2.169578717013741027e+02,2.651536338770435464e+02,5.150099070171210087e+02,2.273474545175948691e+01,-3.236251510866036085e+01,-1.890869258306622100e+02,-1.673552186039608500e+02,-2.942059343604966770e+01,-2.754140434491922917e-01,1.002567840451190229e+01
5.390158666601163162e+01,7.871674620104886344e+01,-6.179348310209633155e+01,1.844549029034608338e+02,-9.304727215162533582e+01,-9.035139196347714119e+01,2.322891218310713057e+01,3.247657588674783113e+01,-9.603320578341869407e+01,-1.722453887675178663e+01,-2.249410469302351601e+02,8.218598892347264950e+01,9.686209054551500230e+01,-1.998191547019504810e+02,-4.250687327402358306e+01,-2.412574168758819226e+01,-4.790562885813637877e+02,-1.011069656260139453e+02,-8.677339590325843233e+01,-3.576805554387663477e+01,2.006715643335009247e+01,-2.252745393965620835e+01,-3.222437287300601270e+02,-1.319792050117204383e+02,-1.709215391602375860e+02,-2.583597699412367632e+01,1.182361595889705939e+02,-2.821401440803886373e+01,1.868531439204527942e+02,1.636980788043935036e+02,2.091629607982598031e+02,1.484924845306949521e+02,9.046097571376714086e+01,-7.865238726398304436e+01,-1.940051076599571900e+02,-2.456974318911800310e+02,-1.141934092941831693e+02,6.052944155580877350e+01,-1.051454063339991905e+02
9.395608473968541929e+00,-1.035406505743740695e+02,1.605617857022273256e+02,1.278087129751286426e+02,8.045049428291201821e+01,-6.023722689648025153e+01,9.284671266438010662e+01,-6.203790232489487977e+01,-1.001583132256372366e+01,-2.731100891356128955e+02,-3.760894204256177318e+02,9.275817090218393446e+01,6.745278587243427637e+01,-5.654480485064289752e+01,-4.268706064963073743e+01,-9.288668098142261442e+01,-2.310616509468342628e+01,-7.239344206165215567e+00,-4.293488010461845050e+01,3.143077876351683386e+01,3.337734560800441272e+02,4.865557766259084360e+01,-1.385376996480376874e+02,-1.097441068420246069e+02,-1.319741766543800452e+02,1.131362339377220927e+01,-2.776603288405579306e+01,-2.944954334335097457e+01,-3.113232283114940060e+02,-4.850589310794615017e+01,-4.354816423017668114e+01,-3.981865024686262018e+02,2.011954967519977515e+02,1.288773787611501973e+02,7.988721613667129873e+01,-3.940030405304796801e+01,-1.859337175499947818e+02,2.620755932844753389e+01,-1.680109642163489809e+02
-5.224772830579105687e+01,-1.868611820640906558e+02,1.920041459955151595e+02,-1.618244588147824459e+01,1.075303981278932923e+02,1.240671172723113500e+02,4.114118614570014643e+01,-3.262665966442123278e+01,1.755237746031286150e+01,-3.313882394909063009e+02,-1.089663795821711005e+02,4.046824132391127193e+01,2.816184263165734336e+01,1.076723270394288505e+02,-1.448892347838409762e+02,-7.793378000604533895e+01,4.171084386978005796e+02,-2.158227604723496640e+01,-4.513838837246293423e+01,-1.516465476191228490e+01,3.549678388327849916e+02,-2.418424964625397777e+01,1.574292123180619569e+02,7.217747793325846928e+00,-7.773073391942595833e+00,-5.680570144536198995e+01,-8.791550931148212555e+01,-2.379775874902420298e+02,-3.212605411955149748e+02,-2.012345968031482926e+02,-1.889525395445743072e+02,-4.148766783284210078e+02,1.932835103661120684e+02,1.022017822953434063e+02,2.411208536778086113e+02,1.210994376408110469e+02,-3.525265068738438856e+01,-1.543041972510474977e+02,-2.561737990123561985e+02
-7.794379624686064290e+01,-1.132201982451372260e+02,1.934877411928869506e+01,-1.145279825496347996e+02,-6.116248095753382330e+01,2.034474966392299962e+02,-7.045448093111463095e+01,8.919521586095599730e+01,4.348412513320619510e+00,-1.096442769963075108e+02,3.043138656914094327e+02,-7.330496793094374297e+00,2.154053318963968024e+02,1.253668764073396318e+02,-2.009201304026767616e+02,5.494610111708368549e+01,3.682210147316503708e+02,-4.652320531457649366e+01,-7.530025877041246929e+00,9.727371757072464931e+00,2.967974478153313953e+02,-1.659073785549257991e+02,2.591432880500643705e+02,6.470837086167371410e+01,3.120304575040637118e+01,-1.561225796366946383e+02,-3.970222188103346639e+01,-3.625091177418945563e+02,2.093544027513543710e+02,-1.418516260930603892e+02,-1.502098042830984923e+02,5.442601720360379147e+01,9.308853483975035203e+00,-9.715333940013118763e+01,1.397633023025804846e+02,1.763261662385224895e+02,1.306603810191926698e+02,-2.975368955138689557e+02,-2.197717965430151139e+02
-8.456247319600420553e+01,7.949489407935129748e+01,-1.481291556422234805e+02,-6.811018383810078092e+01,-1.047430788994576858e+02,2.811284529419993419e+02,-2.427147022468687965e+01,1.559518629130269858e+02,5.317757381424416963e+01,1.698971522391096585e+02,3.529924539780857913e+02,-3.537693196578509713e+01,9.928065563889582279e+01,1.020553174444369091e+02,-2.284872777438847322e+02,8.643687177697481161e+01,7.895258051144347178e+01,-9.795951632488763039e+01,3.588120880454347628e+00,3.877335219912862385e+01,-4.502604737290833015e+01,-1.486208251604259942e+02,1.516290147460586866e+02,9.238831881518002831e+01,1.050961974638386636e+02,-9.416712573493781235e+01,7.989930301120983813e+01,-2.438448046544066301e+02,3.111331963157143150e+02,-4.049235792447768745e+01,2.050640819448670982e+01,4.572110136970642316e+02,-1.382591001704039968e+02,-2.585737585912171426e+02,-3.941077413493162851e+01,1.754472469519056403e+02,1.904709974727249460e+02,-2.437673579732214364e+02,-1.252243623837301811e+00
-2.449378706030195474e+00,2.412494602641880093e+01,-1.028751410260428543e+02,8.411377939526160219e+01,-4.105386583274476209e+01,8.530030151695575569e+01,7.706680675352174603e+01,2.802370881072373265e+01,5.679855896432366080e+01,1.729738336282304658e+02,-2.651779715008298695e+02,6.402309768980497040e+01,2.263109769658547350e+02,4.106229945994253683e+01,-6.609787830842538625e+00,1.975188434803795303e+02,1.576281800355728251e+02,-3.688000902805576686e+01,6.533858950705003110e+00,7.326917480885666123e+01,-1.227246179946290283e+02,-1.079572349651086682e+02,7.425649473334993900e+01,-1.554096413069053817e+01,-4.811811126403341632e+00,1.118177372537306553e+02,3.670380182819845061e+01,3.419666163724084385e+01,1.739997583387618931e+02,9.431315273659808440e+01,-2.678080013364656864e+01,5.063693261503904353e+01,-1.181667225289515812e+02,-1.608993026754714037e+02,1.488697746716118786e+01,1.430438613036386357e+02,-1.154171146686985594e+02,-1.008634260278652306e+01,1.409379545105062448e+02
8.883148196171438826e+01,-1.227356601635825655e+02,5.017020470721468683e+01,1.019051248276375503e+02,1.090628148915953943e+02,-1.833617527469672837e+02,2.081192971825990981e+02,-7.848356189897863544e+01,8.762805041852851673e+01,7.953620552066973914e+01,-8.534721378456493994e+02,1.402574272050129309e+02,1.888746386223058096e+02,-5.781588173658533236e+01,1.554712981041298860e+02,2.281090206825383859e+02,-2.082320432440609181e+01,1.191899105483396681e+02,8.803971016383775350e+01,1.823621878337023645e+02,1.445440845007614712e+02,1.367477626088155489e+02,-1.116657503996275302e+01,-1.463204379226361880e+02,-1.971268982595609032e+02,2.709152240303126291e+02,-9.492106857898312455e+01,4.076750856853063851e+02,-1.447834210863931332e+02,1.650803374488382929e+02,-2.097674571388086804e+02,-5.547558122009629642e+02,-5.897261691016478125e+00,1.233413270172840583e+02,-3.802505268358787305e+01,1.342378078043566063e+02,-4.573843840391639333e+02,2.647708039422900015e+02,1.384158516631555358e+02
-9.517139390017779021e+01,-4.872684908860667008e+01,-2.899550303865276035e+01,9.236994151141445286e+01,3.489068541885255570e+01,-6.076574146411945065e+01,-1.821012573412349411e+01,-9.961665155584359610e+00,-9.372281089353737116e+01,-2.216058808174553363e+01,-7.169293895282915230e+01,-8.457100772962527913e+01,-3.210115497255925447e+02,5.442156386684961156e+00,-8.125932285596697113e+01,-2.107150049763778270e+02,-4.580709676833628237e+02,-2.036034206725762630e+00,-4.366499469258489086e-01,5.726150712222615624e+01,-1.375659026566014518e+02,-1.884906358175614827e+01,-2.433775850167409374e+02,-1.542073502776268867e+01,-2.293351731156713242e+02,-4.455478520419500654e+00,-1.032683317520133812e+02,2.571431627726057556e+01,2.731888962609807550e+02,6.130059009502165424e+00,1.690872176334017354e+02,-2.186814809706980611e+00,2.126030803069877209e+02,-1.200811167960155785e+02,-4.257378870014920835e+01,-1.694431539084203564e+02,-2.280189754422726089e+00,-7.238190153363254353e+01,5.294516197491729415e+00
-1.737740406183144515e+01,-6.458152193205044966e+01,-2.986386380729389955e+01,-4.605014934967179840e+00,2.058786730756392913e+01,-2.056133407032938720e+01,-4.259382355148483157e+01,-6.649940364199549947e+01,-2.795576009384017624e+01,-1.646936141295973144e+01,2.708137626498274813e+02,-8.129558167271127900e+00,-3.522738086689724213e+01,-1.291351371750195476e+01,2.444032579996081367e+01,-2.035225977221270171e+02,-2.541923136849590037e+02,2.451639155368341960e+01,5.915935080892166553e+01,1.116206127798774332e+02,4.440495140400395258e+02,7.648751754956954585e+01,-5.683695997024825886e+01,-2.578541860956902099e+01,-4.866955479399735651e+01,-7.941131345656265239e+01,-1.158146011175131633e+02,3.386007280974317837e+02,-4.331880383636808318e+01,-3.339692307643564817e+01,1.021808110296769314e+02,1.245933267080960292e+02,1.590989257653728828e+02,7.646900729172989486e+01,-1.512608484359932390e+02,-1.273250382747127532e+02,5.726927250831064953e+01,-8.364456513172368091e+01,-8.507429877689774855e+01
